Comp1	Comp2	Comp3
Otu1	-0.200448041878052	-0.071831670664607	-0.016632949864678
Otu10	0.0361634662249031	0.109429030418137	0.0127885218747311
Otu100	0.00563194175137979	-0.00161286545768111	-0.000278525378111583
Otu101	0.0293757789116912	-0.0110703513402206	-0.0115828822184452
Otu102	0.00745932913308543	0.0012549471980719	-0.00746540974430089
Otu103	0.00625099778175078	0.00839796300659723	0.00241798180910246
Otu104	0.0064532757068152	-0.000203108172535911	0.00313742225438325
Otu105	-0.0170660744073567	-0.00255801653637296	0.00406154349609256
Otu106	0.0109135154235054	-0.00382977416462304	-0.00322448029289565
Otu107	0.000296862603268251	0.00280314180733552	-0.00114476717330789
Otu108	0.0103902529213361	-0.00429242208377305	-0.00553314954467367
Otu109	0.0112647348234253	-0.00289014809333318	-0.00325562839528964
Otu11	0.011252876482287	0.0556582277545894	-0.0125720618613258
Otu110	-0.0119151638309149	0.022835387799805	-0.00596883384965034
Otu111	-0.000651717447933787	0.00167733232364669	-0.000617440096328675
Otu112	0.00631861571121946	-0.00331887130871044	-0.00606541849938437
Otu113	0.0278737839469456	-0.00828642111255025	-0.0152000389304103
Otu114	0.0127264937716958	0.0113262605052234	0.0250728566573565
Otu115	0.0152068495479082	0.0103461497257955	-0.00153055089232621
Otu116	0.00394542931498819	0.0219034986503728	-0.000407776518551116
Otu117	0.0305251496919651	-0.00352114683702157	0.0183887378165432
Otu118	-0.008098934354949	0.0220166504331733	0.0024142990539596
Otu119	0.00574042619328401	0.0137545482331003	0.00985193892477297
Otu12	-0.0987541045551513	-0.0271407903069542	0.00204657795169931
Otu120	0.0173249296158736	-0.0042006618329984	0.00818387777582737
Otu121	0.00708681355977806	0.0242667311821483	-0.00180230868515392
Otu122	0.0133473068369605	-0.00449383291197179	-0.00321934419693699
Otu123	0.00131752245267675	-0.000692032506266594	-0.00126472718441007
Otu124	0.00186325812130653	-0.000978681755965261	-0.00178859433689466
Otu125	0.000754759922633823	-0.00165126354398006	0.000633506673695684
Otu126	0.0311561229801448	-0.000546505842098007	0.0303841422830601
Otu128	0.00559008195637588	-0.00226354265507272	-0.0028022106253044
Otu129	0.00721636767350591	-0.00379041814209049	-0.00692719607991393
Otu13	-0.0281410940425129	-0.0706049429775293	0.0103985568484138
Otu130	0.0153820636322479	0.000582204943330993	0.0114063062243953
Otu131	0.0332254103202504	-0.0085278448221892	0.00211953398514872
Otu132	0.00187759765160101	0.000517909189009347	0.00393062309654109
Otu133	0.0109210864871882	-0.000544303135497087	0.00307513072411208
Otu134	0.00414386412046392	0.00321020258289037	-0.00346790817735173
Otu135	0.000510838151918847	0.0229357997644167	-0.00111671703966562
Otu136	0.00320882413324184	0.00466540596338811	0.0057565225470743
Otu137	0.00374085577290754	-0.000460772566955915	0.00214202875964643
Otu139	0.000510433829759246	0.00367551348584003	-0.00287974810487741
Otu14	0.00925775121076445	-0.00548832126886433	0.00245975087827419
Otu140	-0.000651717447933787	0.00167733232364669	-0.000617440096328675
Otu141	0.00339275164499989	0.00145127316929341	0.000113009648117528
Otu142	0.00246998557688988	0.000710312892863054	-0.00105018374988114
Otu143	0.0199812173067782	-0.0104951925965088	-0.0191805374201752
Otu144	0.00815100334140409	-0.000918017366003096	0.00499495888456637
Otu145	0.00270294531798129	-0.000747065725405924	-3.07662493353457e-05
Otu146	-0.0014024497267177	-0.0011908470682728	0.000140405770546439
Otu147	-0.0156920551107339	-0.009975438971658	0.00839126651948653
Otu148	0.00446151777736337	-0.000603213453734878	-0.000463153902571855
Otu149	0.00253528542626952	0.00261617082146644	0.00324545975530739
Otu15	0.0733232130406693	-0.027165688669995	0.00680269646175003
Otu150	0.0019174501157953	0.00238347040239678	-0.000707653025038575
Otu151	0.0218859419197392	0.00589150082472543	-0.00891342169592448
Otu152	-0.000651717447933787	0.00167733232364669	-0.000617440096328675
Otu153	-6.04746227291995e-05	-0.000597579918051054	0.00173468910348403
Otu154	-0.00412583113780839	0.00263504153392351	0.00428175536667324
Otu155	0.0050499869293432	-0.00360950588885006	-0.00109541748566001
Otu156	0.018378263219352	-0.00848814776221473	-0.0132010672736833
Otu157	0.00755194854534821	-0.00131017621654517	0.00765316697829529
Otu16	-0.00668026861879937	-0.0704162716673162	0.0311251516863528
Otu160	0.0116264507758109	-0.00476149878501958	-0.00603282467296356
Otu161	0.00292605712879452	0.000550952121339459	-0.00137299980022249
Otu162	-0.00201226593082412	-0.00335460604715191	0.00148204316546082
Otu163	0.0285008953626509	-0.00811032278779996	-0.0012123957382567
Otu164	0.00678938541666908	0.00113979613863933	0.00205135001491889
Otu165	0.00721071371477322	0.00505315680076311	0.000779808694100458
Otu166	0.00487165230786301	0.0017082414385936	0.0052561605605651
Otu167	0.0105731738379283	-0.00446468217559194	8.86660772811863e-05
Otu169	0.00140910671441664	0.00809388154466184	-0.000615823962604211
Otu17	0.018669626958532	0.00112738562806375	0.00909686792121532
Otu171	0.0024627787810051	0.00333928843168566	0.00113654950573312
Otu172	0.00461244270319071	0.00207051568843593	0.00374427500932013
Otu173	0.00975039960833841	-0.00299427489896528	-0.0012520238324061
Otu174	0.0070101906858544	-0.0037070293482494	-0.000683413641987599
Otu175	0.0097854243894103	0.000113852501838292	0.0106311399855283
Otu176	0.0128515716144404	0.00275947101606863	-0.000966833565404655
Otu177	0.00682464547152953	-0.00147967471855708	-0.000554743711821938
Otu178	0.00493733989172292	-0.0004662012621683	0.00336816875059356
Otu179	-0.00202726989988876	0.00421917453073157	-0.000611703095226038
Otu18	0.00365100841207355	0.00507152758500353	-0.00117101132941288
Otu180	0.000187969748740979	0.00190894835420602	0.00114038799123064
Otu181	0.000701824234038828	0.0115666420165297	-4.72785563300233e-05
Otu182	0.00218883127641186	0.00232771378254456	0.000186615604258222
Otu183	0.0065511257768062	0.000777176663574378	0.000834959476844224
Otu184	-0.00184333530740629	0.00474421224141584	-0.00174638431636193
Otu185	0.00212925272980064	0.00517057366226214	0.00639606450816523
Otu186	-0.00332950841687999	0.00627086077028371	-0.00198381794237723
Otu187	0.00301115383307498	0.00365546522403668	-0.00060831454069072
Otu188	0.00956225887393306	0.000265495797027411	-0.00453229968184481
Otu189	0.00540589063596259	-0.00149413145081185	-6.15324986706913e-05
Otu19	0.0586563894437586	-0.0193537754006573	-0.00349627298561115
Otu190	0.00679932149300998	-0.00216800044187788	0.000504194813271205
Otu191	0.00754449591488669	-0.00112362979605441	-0.00275223549917196
Otu193	0.0141329203760745	-0.000831053470572868	-0.00110288664997164
Otu194	0.00239597135470916	0.00179459509751886	0.000382861063548746
Otu195	-0.00388414095975526	-0.00242702624503332	0.00197701262488258
Otu196	-0.00750229793549095	0.00623650308458854	-0.00215883402466042
Otu197	-0.000416885847601366	0.000816940540575794	-0.000842075518527678
Otu199	0.000680420601833301	0.00797977831819042	-0.00841595087856721
Otu2	0.0370913314666717	-0.00590467532465037	0.00719232089461383
Otu20	-0.000302786253256533	0.0552391858724195	0.00489869190916491
Otu200	-0.00431083560718864	0.0082011210659456	0.000810996407500853
Otu201	0.00145438088710577	0.000401170732776198	0.00304464755862437
Otu202	0.0112585168468194	-0.00389557624035312	-0.00311576680302372
Otu203	0.00406196987036	0.00250893080994305	0.00282928575866548
Otu204	0.00161318401228911	0.00575484445296385	-0.000608146021770505
Otu205	0.0133292240546492	-0.00354738822266491	0.00650999534264183
Otu206	-0.00742791404395352	0.0107761289588235	-0.00278994324528821
Otu207	0.00215720964935152	-0.000460416475707257	0.000493100903149245
Otu208	0.00795894782924817	-0.000972013258605812	0.000703620145416404
Otu209	0.0116360432380588	-0.00611186560707208	-0.0111697680538539
Otu21	0.0107615792740451	-0.0041893641779356	-0.00963090591066675
Otu211	0.00717158702755482	0.0104543797961243	0.000793737540978096
Otu212	0.00158335182066211	0.00200762814612136	0.000348024979155712
Otu213	-0.017784678235473	-0.00580006649899883	0.00190690999446967
Otu215	0.00606101385177805	0.00239307170132071	-0.0012503663373198
Otu216	0.0169799338860156	-0.00445681036912122	0.000707253719205617
Otu217	0.0011874970216885	0.000327554531680036	0.00248594432174675
Otu219	-0.00325141918225522	-0.000682525895101144	0.00347864824999944
Otu22	-0.000750400003251859	0.00482036560014834	0.000169980543445605
Otu223	0.00838544692182732	0.0011848372100655	0.00692285221329268
Otu224	-0.00178398685971113	0.0045765755285921	0.00170354492255269
Otu225	0.00233469496755415	0.00484322881190137	0.000285546833925774
Otu226	0.00131752245267675	-0.000692032506266594	-0.00126472718441007
Otu227	0.00714987176561299	0.000649385413385437	0.000971822478512312
Otu228	0.00139742073250918	0.0034707847635956	-0.0020663365979179
Otu229	-0.000166907731069319	0.000720842576727859	-0.000239685484485279
Otu23	0.0275412543020144	-0.00905722226587801	-0.00980007957424776
Otu230	-0.00884557363533184	-0.00284747545411562	0.00023522821409868
Otu232	0.00566973007491259	0.00241334918857501	0.00122131033483896
Otu233	0.0120966039668849	-0.00568111229486392	-0.00904800571284525
Otu234	0.00293813719839256	0.0014417143105204	-0.00240954579554369
Otu235	0.00372651624261306	-0.00195736351193052	-0.00357718867378933
Otu236	0.00425019681162487	0.0130914478659676	0.00487688406602132
Otu237	0.000717110766297476	0.00432106975449228	0.000583668404468318
Otu238	0.000839687196674765	0.000231616030559337	0.00175782808755932
Otu239	0.0100402615560884	-0.000819952347394706	-0.00442981491448783
Otu24	-0.0456410993053645	-0.0127106309614661	0.0446968066975462
Otu241	0.0072468151222582	0.00423724616956677	0.00298071287266732
Otu242	0.000395854798973611	0.00168007361444133	-0.00213791934259104
Otu243	0.000839687196674765	0.000231616030559337	0.00175782808755932
Otu245	0.00369251649605375	-3.69234429065223e-05	0.00370716145908342
Otu246	0.00456620343928782	-0.00172574748137119	-0.00181936058623001
Otu248	0.0022820158281489	-0.00119863546134297	-0.00219057174111178
Otu25	-0.0119844414754804	-0.0107076801719061	0.0101635868483535
Otu250	0.00378575696274224	-0.00131581569609232	-0.00107018786977352
Otu251	0.00373468828418102	0.00474436083064939	0.00931208833269856
Otu252	0.00312170302482366	-0.000967019430783631	-0.000432743653552462
Otu253	0.00215720964935152	-0.000460416475707257	0.000493100903149245
Otu254	0.00396139022149843	-0.000735403400224294	0.00132508443400686
Otu256	0.0033176390084123	-0.000577511023189063	0.00125605322172971
Otu257	0.00346211900436885	0.000954977358582435	0.00724771087668456
Otu258	0.00348583675652655	-0.00183094591075416	-0.00334615360629198
Otu259	0.026142223277636	-0.00760301662746928	-0.00173671590769692
Otu26	0.00455375721718505	0.0288218820881404	0.0138953847309991
Otu260	0.000839687196674765	0.000231616030559337	0.00175782808755932
Otu262	-0.00256979875379358	-0.0015355128471684	0.000936732419455909
Otu264	0.0051541064953778	-0.000689216920855177	0.00274402989385781
Otu265	0.00535489970536899	0.00166265590685315	-0.000397250564443867
Otu266	0.00511819705518632	-0.00193483745558849	-0.00237134425318602
Otu267	0.00869417269098823	-0.000587104596096645	0.00682226253718502
Otu268	0.00698652279269969	-0.00202200744784083	-0.000426393941749038
Otu269	-0.000651717447933787	0.00167733232364669	-0.000617440096328675
Otu27	0.0115386456791036	-0.0011292752165646	-0.0051336761675658
Otu270	-0.000651717447933787	0.00167733232364669	-0.000617440096328675
Otu271	0.00558535432255429	0.00175430057295582	-0.00015602146283023
Otu272	0.0130515607846054	-0.00299120881897093	0.00219973483566769
Otu273	-0.00282079491191819	-0.000233411633307889	-0.00245683489945627
Otu274	0.00113398164670553	0.00471997478834619	-0.00184089259956869
Otu277	0.00438387111158134	0.00619018586475348	0.00264575233794665
Otu278	0.00701450530781657	0.00476907891899708	0.00195245997547945
Otu279	0.00097964865703037	0.00183715061725548	-0.00145666755431066
Otu28	-0.00511764048550443	0.012354436653964	0.00557026026406239
Otu280	-0.00180736084716968	0.0032217011773619	-0.000499548693957708
Otu281	0.00441475475540674	-0.00136757199409252	-0.000611991943884776
Otu282	0.00423825216468352	-0.000323572692605189	0.00318329430659883
Otu283	0.00627076412916211	-0.00106276244195734	0.00248390260609028
Otu284	0.00745303248522612	-0.00391472702386104	-0.00715437734757866
Otu285	0.00168006642968742	-0.00299860440585193	0.00536336706649928
Otu287	0.00323794582604677	0.0016913798483743	0.000866859197248346
Otu289	0.0058807235563489	0.00491455033418008	0.00116985341354002
Otu29	0.0777793972628156	-0.0152331646980595	0.0433576432793025
Otu290	0.00647162894805456	-0.00138124942712177	0.00147930270944774
Otu291	-0.000921667653703143	0.00237210612070792	-0.000873192158180963
Otu292	0.00131752245267675	-0.000692032506266594	-0.00126472718441007
Otu293	0.00145438088710577	0.000401170732776198	0.00304464755862437
Otu294	0.0011874970216885	0.000327554531680036	0.00248594432174675
Otu295	0.00166311653763851	0.007960613826228	-0.0042964573084504
Otu296	-0.00263355651248016	-0.000335386588898594	0.00118401838456531
Otu297	0.00838325786237695	-0.000672291955135271	0.000910399795508614
Otu298	0.00325004276496146	2.32680337518235e-05	-0.00454131290695947
Otu299	0.00728304529350537	-0.00181776074393393	-0.0056703763328808
Otu3	0.0123507736790408	-0.00755094835935868	0.000336980480191199
Otu30	0.0378757784981098	0.0556712645680149	0.030399495114489
Otu300	0.00810055034171325	-0.00395135085296987	-0.000478406609749528
Otu301	0.00145438088710577	0.000401170732776198	0.00304464755862437
Otu303	0.00444320700297282	0.00122559683303189	0.00930155193457246
Otu304	-0.00356177838382207	0.00699293768024124	-0.000245251966623431
Otu305	0.00841624024190621	-0.000977141680968178	0.00485533043066092
Otu307	-0.00260423179098543	0.00776315564107987	0.00135898715895578
Otu308	0.00574631932374254	-0.00100027843409455	0.00217554799704643
Otu309	0.00517415231511768	0.00171000803995994	-0.00908952007610387
Otu31	0.0206812783113777	-0.0082576845246998	-0.00992272912284703
Otu311	0.00517984263228691	0.00106985167213747	0.000521507811523206
Otu312	0.000458294324493242	-0.000464509392396905	0.00301179861480977
Otu313	0.00901502895259156	-0.00338984186519241	-0.00352604677094212
Otu314	0.00305075514299503	-0.000651127224285225	0.000697349984852084
Otu315	0.0102067264034912	-0.00213512871304191	0.00249815103724737
Otu316	0.00366270185076925	0.000756499372232171	0.000368761709969815
Otu318	-0.000921667653703143	0.00237210612070792	-0.000873192158180963
Otu32	0.00311167422396797	0.00739173195124327	-0.0205653156803382
Otu320	0.003822541927042	-0.00105651048085315	-4.35100470733985e-05
Otu321	0.00270294531798129	-0.000747065725405924	-3.07662493353457e-05
Otu322	0.00556809918129791	-0.000447271801559341	0.00128436534799679
Otu323	0.00902847868845431	-0.00309455073038906	-0.00238652534253124
Otu324	0.00493733989172292	-0.0004662012621683	0.00336816875059356
Otu325	0.00215408245374402	0.00248046928762254	-0.00361758356043336
Otu328	0.00227165556650945	0.00280087481854204	0.0016342136557843
Otu329	-0.00176718259506038	0.00694094532514608	-0.000711932297755382
Otu33	0.00131752245267675	-0.000692032506266594	-0.00126472718441007
Otu331	0.00886445130809913	0.00243150314163511	-0.000489247231609946
Otu332	0.00931411205575203	-0.00122456486164294	-0.00391545131927389
Otu335	-0.00193082973451281	-0.000750563384368723	0.000388448438139652
Otu336	0.00215720964935152	-0.000460416475707257	0.000493100903149245
Otu337	0.00617972807595626	-0.00324592017370294	-0.00593209631763412
Otu338	0.00823504196678775	0.00103520859582778	-0.000135664160054197
Otu339	0.00203170034358711	-0.00359744830560003	0.00213671685732847
Otu34	0.0220251203924593	-0.00699371183153424	-0.00598672184807956
Otu340	0.00749029414144204	0.00103623319022535	0.00280104462955552
Otu341	0.00216998006984181	0.000459179883720672	-0.0051046201926066
Otu342	0.0153785998961256	-0.00336900515734876	0.00318471918718779
Otu343	0.0101213367359149	-0.000763955797337211	-0.00108210821272116
Otu344	3.42623441947254e-05	0.00526212143042518	0.00218423878017916
Otu345	0.000795525761315583	-0.00455263184035081	0.0018989832243592
Otu347	0.00642514026978117	0.000716832805836149	0.00942772364130153
Otu348	0.00435402537050065	0.00568430986522771	0.000276645649558161
Otu349	0.00143490103205286	0.00577352616856072	0.00156828622414045
Otu35	0.0146970644692153	-0.00391451271941811	0.000395296438904803
Otu351	0.0060121851063538	-0.000926943056975746	0.00273211994675073
Otu353	0.00347473210202827	-0.00115244898197385	-0.000771626281260829
Otu355	0.00250501947436525	-0.000364477974586558	0.00122121713733668
Otu356	-0.0106915331712809	0.0282029218731478	0.00541012202942614
Otu357	0.000989878353444465	0.00262950877015198	0.00422946228640487
Otu358	-0.000651717447933787	0.00167733232364669	-0.000617440096328675
Otu359	-0.000941086278667431	0.00339133513240408	0.000299781458108192
Otu36	0.00194987497651038	-0.0143568246738581	-0.0235119246872716
Otu360	0.00274239372656792	0.00471981009969299	-0.00284279041248356
Otu361	0.00662083683169899	-0.00182992983156668	-7.53616121708386e-05
Otu362	-0.000651717447933787	0.00167733232364669	-0.000617440096328675
Otu364	0.00224475236688397	0.00184511872484025	0.00158528002887821
Otu365	0.00276515274080249	0.00319745339055262	-0.00261038487459362
Otu366	0.00693044424875231	-0.00268894522878123	-0.00302687366624549
Otu368	0.00150549220141773	0.00121691584793943	-0.00012433919317943
Otu369	0.000754759922633823	-0.00165126354398006	0.000633506673695684
Otu37	-0.0042222290514072	0.00478984138288003	-0.000488199734626674
Otu370	-0.00196521225676062	-0.00215007810598627	0.0020386396286522
Otu371	0.00260528896358973	0.00147830693081725	-0.00101857298944195
Otu372	-0.00485822836347227	-0.00412521525258588	0.00048637985652458
Otu373	0.000839687196674765	0.000231616030559337	0.00175782808755932
Otu374	0.00678563515778421	-0.00178447250616999	0.000269632485062669
Otu375	-0.00236145823822554	0.000498155204360219	0.000579744673499188
Otu376	-0.00145728451570263	0.00375062909653167	-0.00138063802742494
Otu377	-0.0012212243296682	0.00553580656630557	-0.000194688935553063
Otu378	0.00250822570998679	-0.00252880888846124	0.00361135867885585
Otu379	0.00122588020366722	0.00219524151265603	0.00331318300021241
Otu38	0.0531983587084352	-0.0125655101477675	-0.0308638679804214
Otu381	-0.00191428094864762	0.00367970223751017	-0.00265931411060487
Otu383	5.29751017513627e-05	-0.00022647253741298	0.0027760830301174
Otu384	-0.0025955990236893	-0.00268535164839831	0.00210175058234039
Otu386	0.0011636022269499	0.00359008000555213	-0.000895862325188283
Otu387	0.00451264255695452	-0.000866155823523842	0.00140116872772094
Otu388	0.00131752245267675	-0.000692032506266594	-0.00126472718441007
Otu39	0.0127682743495661	-0.00107866101772634	0.00919422695580499
Otu390	0.00186325812130653	-0.000978681755965261	-0.00178859433689466
Otu391	0.00215720964935152	-0.000460416475707257	0.000493100903149245
Otu393	0.00354263251465606	-0.000515449694846587	0.00172706183822397
Otu394	0.00451858218488055	-0.000246247556790593	0.00377014615481068
Otu395	0.00347995057974294	0.00205653099067021	0.00115486384310144
Otu396	0.00215720964935152	-0.000460416475707257	0.000493100903149245
Otu398	0.00660618140055773	-0.000537840855739474	0.0048341790364556
Otu399	-0.000651717447933787	0.00167733232364669	-0.000617440096328675
Otu4	0.0145146876182389	-0.00181361199715832	-0.000741198615495252
Otu40	0.00139243241802717	0.0101263875643985	0.000261724843516256
Otu400	0.00167173424684044	0.0032274978051615	-0.000100317525512269
Otu401	0.00638409850440427	-0.00218817780618389	-0.00168752825317739
Otu402	0.00367380650526753	7.80024434518666e-05	-0.00220576561506134
Otu403	-0.00100772548253945	0.00737905040077666	0.000969885440463967
Otu404	0.00152453260774552	-0.000687506023350574	0.00132117500404285
Otu405	0.00473118619750061	0.00268761986657152	-0.00033470609247687
Otu406	0.000626296990619775	0.000603006526654808	-0.00252218246055492
Otu407	0.00638946074130687	0.00195573915759187	-0.00263884889174488
Otu41	0.034857022094957	0.00571284836549172	-0.0402877616632861
Otu410	-0.00254490134744624	0.00182656774180282	0.000799529609854399
Otu411	0.00185330202643146	0.00131285434906013	0.000603777041008
Otu412	0.00165818494090156	0.00237423485575553	0.00140930949018801
Otu414	0.00215720964935152	-0.000460416475707257	0.000493100903149245
Otu415	-0.000756688007231875	0.00434022435257057	0.000245414904819171
Otu416	-0.00179579012381891	-0.000749963511256142	0.00587481637510753
Otu417	0.000359246082903897	0.00150904074456245	1.07657116177921e-05
Otu418	0.00215720964935152	-0.000460416475707257	0.000493100903149245
Otu42	0.0650609344261274	-0.0175700670604863	0.0011749928270303
Otu421	-0.000651717447933787	0.00167733232364669	-0.000617440096328675
Otu422	0.00334976189890598	-0.000172029005327151	0.00256537462427566
Otu423	0.00617417085951667	-0.00146329910228384	0.000856594414056009
Otu425	0.0553389933479516	-0.0191705843506454	0.00084573812439976
Otu426	-0.00165084054098389	0.00332103321083485	0.0028707526706295
Otu427	-0.000651717447933787	0.00167733232364669	-0.000617440096328675
Otu428	0.000839687196674765	0.000231616030559337	0.00175782808755932
Otu429	-0.00144758385031589	0.000320774780663083	0.00206706797036029
Otu43	-0.000997576101249301	0.031466345028252	-0.0114492215564907
Otu430	0.000971568133568014	0.0165936995967573	-0.00238974318682894
Otu431	0.0010305120926694	0.0013663528504538	-0.000240398604598319
Otu432	0.00131752245267675	-0.000692032506266594	-0.00126472718441007
Otu433	0.00263504490535351	-0.00138406501253319	-0.00252945436882015
Otu437	0.00588713943409847	-0.000487019983462207	0.00427858453979273
Otu438	0.00250501947436525	-0.000364477974586558	0.00122121713733668
Otu439	0.00347473210202827	-0.00115244898197385	-0.000771626281260829
Otu44	0.0506385987992837	-0.0176551126276938	-0.0234772840560122
Otu440	0.00337432762807795	-0.000124691415147342	0.00304105468564265
Otu441	0.0108339243521086	0.00598362468004943	0.0192381515333696
Otu443	-0.000651717447933787	0.00167733232364669	-0.000617440096328675
Otu444	-0.000698718537691163	0.0161954135945496	0.00513290788900841
Otu445	0.000378794644735617	0.00304368517410048	-0.000857838700926994
Otu446	0.000839687196674765	0.000231616030559337	0.00175782808755932
Otu447	-0.000537428973325945	0.00111793370374318	0.00167420564773596
Otu45	0.0283486908467181	0.0137207700235642	0.0441325959444974
Otu450	-0.00130343489586757	0.00335466464729337	-0.00123488019265735
Otu451	0.00294606976606747	-0.00154743172665165	-0.00282801595733284
Otu452	0.00627076412916211	-0.00106276244195734	0.00248390260609028
Otu453	-0.00167429996550041	0.000687698253396672	0.00201826382346171
Otu455	0.00305075514299503	-0.000651127224285225	0.000697349984852084
Otu456	0.0020568051754012	0.000567341091119252	0.00430578187005272
Otu457	0.0069082331763618	-0.00177579488326348	0.000160811405735482
Otu458	0.00391448599135404	-4.84151577245001e-05	-0.00243680068255869
Otu46	-0.00408566372496053	0.015276345465127	-0.00568630791665218
Otu460	-0.0037522504023575	0.00485686063062848	-0.00208580615629402
Otu463	0.000535779573754711	0.00200488685532672	0.00186850422541807
Otu464	0.00322725773371824	-0.00169512652577256	-0.00309793626563152
Otu465	0.00207522919232314	0.00214330567556	0.0013777368325276
Otu466	0.000550566661349088	0.0033684568668523	0.00244621855764715
Otu467	0.00145438088710577	0.000401170732776198	0.00304464755862437
Otu468	0.00335874878669906	0.000926464122237349	0.00703131235023728
Otu469	0.0022820158281489	-0.00119863546134297	-0.00219057174111178
Otu470	-0.000651717447933787	0.00167733232364669	-0.000617440096328675
Otu471	0.0022820158281489	-0.00119863546134297	-0.00219057174111178
Otu472	0.00131752245267675	-0.000692032506266594	-0.00126472718441007
Otu474	0.0023451793980925	0.00144853187849877	0.00163348889437989
Otu475	0.00294606976606747	-0.00154743172665165	-0.00282801595733284
Otu476	-0.000651717447933787	0.00167733232364669	-0.000617440096328675
Otu477	0.00373639671525467	-0.00079746472856677	0.000854075817512593
Otu478	0.000651681481282901	-0.00306817708719683	-0.00233089062387793
Otu479	-0.00299882493062434	0.00291776125373843	-0.00137200741219371
Otu48	0.00294606976606747	-0.00154743172665165	-0.00282801595733284
Otu480	0.00270294531798129	-0.000747065725405924	-3.07662493353457e-05
Otu481	-0.0170369228519251	-0.00127687462138719	-0.00332966309077036
Otu482	0.0132348514404788	-0.00338565375326543	-0.00544416456199333
Otu483	0.00539426808568475	-0.000985339953164342	0.00548084501318739
Otu484	0.00414124542086159	-0.00246062211614549	-0.00338106272732184
Otu485	0.00121154067337274	0.000698650567681424	-0.00240603443322334
Otu486	0.00308467926732089	0.000879867595079914	0.000236635721183918
Otu487	0.00265532406357402	0.000732434199174669	0.00555874049170534
Otu488	0.00705515218519631	-0.0022096874690226	-0.00466777318646066
Otu489	0.00281472906155153	0.00157464139214115	-1.91163406683697e-05
Otu49	0.00402992117289023	0.000383376530650325	-0.000670728803335826
Otu491	0.00792541387428104	-0.00203569582589171	0.000499831754065045
Otu492	0.00373639671525467	-0.00079746472856677	0.000854075817512593
Otu493	0.0022820158281489	-0.00119863546134297	-0.00219057174111178
Otu495	0.00322725773371824	-0.00169512652577256	-0.00309793626563152
Otu497	0.00131752245267675	-0.000692032506266594	-0.00126472718441007
Otu498	-0.00037404780936662	0.00125396126175356	-0.000435930943775803
Otu5	-0.0702846919639253	0.0110310000848986	0.0296793653804296
Otu50	-0.0187718856028143	0.0122789401442932	0.00218593276769314
Otu500	0.000614123753875359	0.00278618455915052	0.000648841585827424
Otu503	0.000359299214007917	0.00129018162450238	-0.00277513737749543
Otu504	-0.00215172124703363	-0.00110379766285227	0.00426158197451318
Otu506	-0.00106508019175639	0.000567158236681706	0.00212013134036037
Otu507	-0.00227218622003276	0.000391582716938511	0.00245226694153629
Otu508	0.00233394698853698	-0.00198831179683957	0.000994481588059032
Otu51	0.0145352068454665	-0.000928414167448783	0.000270708427000515
Otu510	0.00250501947436525	-0.000364477974586558	0.00122121713733668
Otu512	0.00131752245267675	-0.000692032506266594	-0.00126472718441007
Otu513	-0.00054867497323375	0.00170340110331331	-0.000601373518961667
Otu514	0.00235752124040318	-0.000112696740561244	-0.000786075094641675
Otu515	0.00312170302482366	-0.000967019430783631	-0.000432743653552462
Otu516	0.00347473210202827	-0.00115244898197385	-0.000771626281260829
Otu518	0.0022820158281489	-0.00119863546134297	-0.00219057174111178
Otu519	-0.00324578503412398	0.00355336517314304	-0.00160597854581549
Otu52	-0.0194228689951726	0.0235603757084663	0.00367506752595702
Otu520	0.00141534567518591	-0.000384595674289051	-0.000181661745147268
Otu522	0.0118305137587977	0.00777356110250798	-0.000181475132779172
Otu523	0.00131752245267675	-0.000692032506266594	-0.00126472718441007
Otu524	0.000839687196674765	0.000231616030559337	0.00175782808755932
Otu525	0.000839687196674765	0.000231616030559337	0.00175782808755932
Otu528	0.00263877560179131	0.00010627049906349	0.00288521233518986
Otu53	0.0232019907768201	-0.00511822640064103	0.0123054474570144
Otu530	0.000432927357037033	0.00397738771867198	-0.00114049204121619
Otu531	0.00395256735803026	-0.00207609751879978	-0.00379418155323022
Otu533	0.00431731781010815	0.00156743644539238	-0.00218965115550061
Otu535	-0.00759376089538313	0.000469068005901717	0.000337924652266359
Otu536	0.00835483704621637	-0.00178318534273372	0.00190977158589686
Otu537	0.00901993202546842	0.000688926713063491	0.00569386724715937
Otu538	0.000839687196674765	0.000231616030559337	0.00175782808755932
Otu539	0.0184053748090142	-0.00476647037890075	-0.0116505388125828
Otu54	0.0014602403676769	0.00275341747834426	0.00365813086340473
Otu540	0.0143464571862851	0.00599166487224197	0.00697908425691914
Otu541	0.00215720964935152	-0.000460416475707257	0.000493100903149245
Otu542	0.00529741042063458	-0.00475290146540096	0.00220412160660671
Otu543	-0.00343528622036407	-0.00291696767895765	0.00034392249478107
Otu544	0.0109994378209805	0.00274629600628541	0.0064209550123921
Otu545	0.00123554199564838	0.00191168964500066	-0.000380091255031718
Otu546	0.0109663893890506	-0.00217313332656252	0.0137810990563478
Otu547	-0.00435695387406721	-0.000544861558249731	-0.000529269663399892
Otu55	-0.00550451960113267	0.00788730761420815	0.00226870947753701
Otu550	0.000839687196674765	0.000231616030559337	0.00175782808755932
Otu551	-0.00151838760089677	0.0024913721107006	0.00139146989963584
Otu552	0.000535779573754711	0.00200488685532672	0.00186850422541807
Otu553	0.00215720964935152	-0.000460416475707257	0.000493100903149245
Otu554	0.00161341726919207	0.00746569282125272	0.000550239741764163
Otu555	0.000839687196674765	0.000231616030559337	0.00175782808755932
Otu558	0.00250501947436525	-0.000364477974586558	0.00122121713733668
Otu559	-7.53382563475171e-05	0.000902266928564011	0.00158286056701664
Otu56	0.0277718823018594	0.0140423323497247	0.0132331585912904
Otu561	0.0286290530522673	-0.00430025788739558	-0.00410613483163448
Otu563	-0.000736644721974729	-0.000205547250892712	-0.00174176151019231
Otu564	0.00205122787004751	0.000930266598240761	-0.000648206345664021
Otu565	0.0031631939690898	0.0020062227812586	0.0019889894722106
Otu566	0.00158335182066211	0.00200762814612136	0.000348024979155712
Otu568	0.00319512010427776	-0.000174123317257247	0.00266589591213102
Otu569	0.00270294531798129	-0.000747065725405924	-3.07662493353457e-05
Otu57	0.0162765127907159	0.00115201496292731	0.0213523386911161
Otu570	0.000839687196674765	0.000231616030559337	0.00175782808755932
Otu571	0.0203699064966736	-0.00919522990073583	-0.0138206688464193
Otu575	0.000839687196674765	0.000231616030559337	0.00175782808755932
Otu576	-0.0179705801577515	-0.00353523476117544	-0.000768107410216576
Otu579	0.00150549220141773	0.00121691584793943	-0.00012433919317943
Otu580	-0.00244678871840307	0.00289523478419204	-0.00311336544908752
Otu581	-8.22892732912251e-05	-0.000829053228046264	0.00270442613040685
Otu582	-8.19804570283772e-05	0.00260372215126726	0.000884635929378356
Otu585	7.92712615954018e-05	0.00359789377262684	-8.50494143419699e-05
Otu587	-0.000786018573954051	0.000551755405950287	0.000953672685005102
Otu589	0.00250501947436525	-0.000364477974586558	0.00122121713733668
Otu59	-0.0214115229801457	0.00255508753333292	0.00031362972201071
Otu591	0.00150549220141773	0.00121691584793943	-0.00012433919317943
Otu594	0.00546220472007466	-0.000962048271041625	-0.00344800763576534
Otu595	0.00186325812130653	-0.000978681755965261	-0.00178859433689466
Otu596	0.00131752245267675	-0.000692032506266594	-0.00126472718441007
Otu597	0.00131752245267675	-0.000692032506266594	-0.00126472718441007
Otu598	0.00131752245267675	-0.000692032506266594	-0.00126472718441007
Otu599	0.00187759765160101	0.000517909189009347	0.00393062309654109
Otu6	0.10987366915786	-0.0269907680363592	-0.0578090837216309
Otu60	-0.000486158797976527	0.00165826690761546	0.000833839746342039
Otu602	0.00186325812130653	-0.000978681755965261	-0.00178859433689466
Otu603	0.00242009220032431	-0.00224735754912596	9.68957234730402e-05
Otu605	0.00186325812130653	-0.000978681755965261	-0.00178859433689466
Otu606	0.0106222056026505	-0.00557934443572231	-0.0101965565419939
Otu607	-0.0086721896346685	-0.00784510174590412	0.00271010635494024
Otu609	-0.00112880773200044	0.00290522480573362	-0.00106943761747149
Otu61	0.0199266054775206	-0.00672127194316282	-0.00485310303136168
Otu611	0.00181389776927493	0.00231900264706644	0.0023708925905563
Otu612	0.00131752245267675	-0.000692032506266594	-0.00126472718441007
Otu62	0.0381436613390539	0.0143702764249048	0.0121116010052045
Otu63	0.000941590467603386	0.00139342436474266	-0.00266178649507563
Otu64	0.0288873508123502	-0.0104645159276534	-0.00978271410130241
Otu66	0.0284825437985998	-0.00419055812680224	0.00104576856080979
Otu67	-0.0393443865047529	-0.00695696111729772	-0.00544567060671323
Otu68	0.010308600303829	0.00379185681932347	0.000673406388169313
Otu69	0.0262120676536761	-0.00978842995561075	-0.0099936618730135
Otu7	-0.0645617661717824	0.143487051188854	-0.0396684235796273
Otu70	0.0608880610015711	-0.0137948022168332	0.0108711422949064
Otu71	0.00866816672792448	0.00796422537040929	0.00457642731815315
Otu72	0.0468471093408898	-0.0155812254687931	-0.0153952508588471
Otu73	-0.00103719663889169	0.000861960513244859	0.00582352011481751
Otu74	-0.0274185572239429	-0.0169253484626307	0.00269026866202182
Otu75	0.00321061580535204	0.00941024145077849	0.00800695432646457
Otu76	0.00263504490535351	-0.00138406501253319	-0.00252945436882015
Otu77	0.00334683069045688	-0.00513396598964368	-0.0010386886528163
Otu78	0.0214590325344669	-0.00696426705658628	-0.00418237108254055
Otu79	0.01289185359694	0.00278160901732613	0.010065567341032
Otu8	0.056442117742444	-0.00923372612850466	0.0297635106983752
Otu81	-0.00178420150654932	0.00433495536647678	-0.00106154495647131
Otu82	0.0278985735661946	0.00893833575311797	0.0206489503768543
Otu83	0.00233448659426824	0.00308088839490581	0.00186084925788046
Otu84	0.00659149570245877	-0.00462652135764493	0.00151641583530262
Otu85	-0.00153914213536631	0.000875850928185311	-0.00318903526842924
Otu86	0.00700951206842748	-0.00252671999875537	0.00381464255828292
Otu87	0.000839687196674765	0.000231616030559337	0.00175782808755932
Otu88	0.00753168810868895	-0.000685933523360645	-0.0102747001471873
Otu89	0.0014231677187513	0.00148682316509655	0.0153050237042441
Otu9	0.00283962026363845	0.00433631597589166	0.00197081374244852
Otu91	-0.00343528622036407	-0.00291696767895765	0.00034392249478107
Otu92	0.0227791801781433	-6.4295520723583e-05	0.00316260633590564
Otu93	0.024033903307694	0.000191059695378925	0.028126391816033
Otu94	0.000298652404078293	-0.00288274753600661	-0.00199200799616956
Otu95	0.0195168114176349	-0.00501322613704163	-0.0122567298200052
Otu96	0.0127259435260864	-0.0017591835450248	0.00609481423564657
Otu97	0.0258994998182184	-0.0104890697629127	-0.0193213506862662
Otu98	0.020836695370772	-0.000681987041006089	0.0204292563813174
Otu99	0.0408135858606213	-0.0125218987445844	-0.0115278401781327
