CS1	CS2	CS3
Otu1	0.303129269627869	0.348971697242576	-0.0279294201942121
Otu10	-0.0554774561495824	-0.00656143716889804	0.0105087132092835
Otu100	-0.0213820781745902	-0.0052427630361434	-0.00833653170271499
Otu101	-0.0424695681560641	0.022107668235488	-0.0326462667489556
Otu102	-0.103848435368555	-0.0498295165142775	-0.0257646642360571
Otu103	0.0715557736252429	0.00319644621037956	-0.0292820842643688
Otu104	0.0599047959379442	-0.0553394010406543	0.0421503464067738
Otu105	-0.0379962983840248	0.0822224381635233	0.0979272143194477
Otu106	0.0487032172759069	-0.0711601749134267	0.0795475759628655
Otu107	0.00455387767891827	0.0202432447791311	-0.00827759035093863
Otu108	0.0614018893365238	0.0108926773904292	-0.0361818987644097
Otu109	0.055936268086868	0.0395416414147128	-0.0214776231922109
Otu11	0.013121299820124	-0.00706373709634705	0.134820879218304
Otu110	0.00948841525158871	0.00594405797914976	0.00657317781182088
Otu111	-0.030513240857953	-0.00231137379169695	0.0188161145845787
Otu112	-0.00695792231417215	0.0700100992168124	0.0426325972306726
Otu113	-0.0208375756652647	0.0124227336771424	-0.0412715050292693
Otu114	-0.0431837461990437	-0.0234880716660454	-0.0709173484684451
Otu116	-0.0665553244340936	-0.00867412954680737	-0.0210139473046463
Otu117	-0.0184183367612326	0.000284494195298107	-0.0877127928386519
Otu118	0.0175207101806231	-0.0461892632647816	0.0544951185364062
Otu119	0.0123412505020726	-0.0186396491127274	0.00122262256081351
Otu12	0.0116116734570611	-0.16195095245323	0.0659753751700065
Otu120	-0.00692594328025472	-0.0094051025046312	0.0608423546874444
Otu121	-0.0159129232830007	-0.0249100727516105	-0.0511669065303894
Otu122	0.0133899948498381	0.0295563216526935	-0.0276360833600701
Otu123	-0.0338135133886576	0.0636053926695776	0.0753657017094364
Otu124	0.00700213783396305	0.0094222880720925	-0.0152221955477226
Otu125	0.0153651768666422	-0.032746536783489	0.0486255564570207
Otu126	-0.0040054342160729	0.0390335516661378	0.0601549083724542
Otu127	-0.046513021889596	-0.0588393043844044	-0.0765561701429717
Otu128	0.0548671456533474	0.0197498090208687	-0.0459181682013243
Otu129	0.0248707504829061	0.028487651601944	-0.0681671516230027
Otu13	0.0866300925356313	0.0333088004324115	-0.0753839445369041
Otu130	0.0138834605834352	-0.0295188989152043	0.0497180588487212
Otu131	-0.00683325744492896	-0.00864411939721994	-0.0112469153439743
Otu132	-0.0396896547786759	-0.0223143101281297	-0.0442035359179727
Otu133	0.053668182240849	-0.017762770939649	0.0469233865342698
Otu134	0.025880015931733	-0.00983242009558145	0.0520529103558728
Otu135	0.0356181070329476	0.0479288001757474	-0.0774314649542364
Otu136	0.0164395493787698	-0.0648900622831868	0.0984475509669426
Otu137	0.0073885048009133	-0.0190773983568736	0.0510667624212063
Otu138	-0.0355423980038284	-0.0045873009990945	0.0284135244327209
Otu139	0.0128269000483646	-0.0235795589011989	0.0184381415599934
Otu14	-0.00770236104665186	-0.0177364420640293	-0.0144412090731991
Otu140	2.49344159952803e-05	-0.0184995086855362	0.00318730101698013
Otu141	0.0185470456242844	-0.0261365424294677	0.0333760301518093
Otu142	0.00833011231370683	-0.0192825657218276	0.0395699183836966
Otu143	-0.012127434455799	-0.0151289465053909	-0.0335261437926291
Otu144	-0.0317367886529303	0.0182381388083776	0.00595173651785839
Otu145	-0.0109800773803586	-0.0290586723401119	0.00477217230570004
Otu146	0.00107139737041985	-0.0134868568669413	0.0375593844996624
Otu147	-0.0335645701531356	-0.0110217629578491	0.00933323997260007
Otu148	0.0184997114908783	-0.0638788984805172	0.0539756141123222
Otu149	0.0214564824531604	0.0229420766524375	-0.0504494945510073
Otu15	-0.0446585457253933	0.136352262220805	0.0717808232957086
Otu150	0.0147147095170815	-0.00244146054082263	0.021782374805824
Otu152	-0.00172756598028658	0.00528408134979822	0.0160461587549987
Otu153	-0.0324787838588873	-0.016492367345651	-0.0316227133802351
Otu154	-0.00685763253047478	-0.0144046975094498	-0.0201202857408851
Otu155	0.0076126796960718	-0.0387018938624696	0.0714369945530084
Otu156	0.00487837948517976	0.0142518024783371	-0.0391778356772809
Otu157	-0.0275180336016914	0.0586706746803507	0.0601390077978636
Otu158	0.0123795547738582	-0.0485631667741449	0.0373542998179072
Otu159	0.0348627221757753	-0.0536065267898683	0.0426332405548596
Otu16	0.18396352068147	-0.167596929322406	0.163206081291123
Otu160	0.0393141390856246	-0.012190051193264	0.0480687462664973
Otu161	0.0351975907375736	0.0275079156787837	-0.0315976761249861
Otu162	0.0178832072551356	-0.0201147361963529	0.0285351629034069
Otu163	-0.00278966567019171	-0.00352894696648056	-0.0045915339621693
Otu164	-0.00718303941492199	-0.005602816835476	0.0214227222976887
Otu165	0.00628322148120096	-0.00150319315531464	-0.0208534564307676
Otu166	-0.0428311495935287	-0.033494988887485	-0.0450179193330096
Otu167	-0.000244265504994232	-0.0104412009834157	-0.029261490584121
Otu168	-0.0315934139354256	-0.013562414984096	-0.040079551059991
Otu169	0.0328975706865865	-0.0328912956650392	0.0340499442496618
Otu17	0.0433564045735954	0.0601160651777203	-0.027162602127276
Otu170	-0.00496213901338754	-0.0095244906284343	0.00188879315028194
Otu171	0.00116500963250048	-0.000927029941092701	0.0188381674059291
Otu172	-0.0417325218708827	0.00559579855628362	-0.00332761809124356
Otu173	-0.0234685804923615	0.0254766670810035	0.0293148053096112
Otu174	0.0108067503259063	-0.00384818409635607	0.0198457029974817
Otu175	0.0274546109868321	-0.00133463092156258	0.0069251864176051
Otu176	0.0188022578313047	-0.0233553901729972	0.0171772820288456
Otu177	-0.00268371900532831	0.00191640225563273	-0.0078308937466539
Otu178	0.0141974040710311	0.0197277844671594	0.0100173381292514
Otu179	0.0430753548957211	0.00489336979438125	-0.0216549022983494
Otu18	0.0643353032057051	-0.02308259329947	0.00888193742699483
Otu180	0.00757463662112276	-0.000215248718888238	-0.00234873554223243
Otu181	0.0228597926391408	-0.0273151515753415	0.0515710274349327
Otu182	0.016263694740756	-0.0132550326474324	0.00814485737109534
Otu183	0.00260948353703115	-0.0289338212597223	-0.00799333866772236
Otu184	-0.0376557326101698	-0.0315620918152387	-0.0397413426711104
Otu185	-0.00810157226435198	-0.00321177765382057	0.016039883095374
Otu186	-0.0221529017780173	0.0408551940303427	0.0486074039143983
Otu188	-0.0057703664148162	-0.00695384973950404	-0.0258766640978323
Otu189	0.00675598950734337	-0.0300632943007394	0.0172539669702095
Otu19	-0.113137181132955	0.23525857056839	0.279805242985026
Otu190	0.000432597371943586	-0.0161881191488317	-0.0223112621870741
Otu191	-0.0112919361914912	-0.00761231698064936	-0.0568604220514951
Otu192	-0.0024628766744186	-0.014913438261278	0.0211708304227158
Otu193	0.0186815057377649	-0.0231035980389097	0.0396916285972633
Otu194	-0.0103163724070561	-0.00110680084857026	-0.00226994232549457
Otu195	-0.0126248071596309	0.00381542320005197	-0.0101317091866972
Otu196	0.0339070839213234	-0.0124190754169982	0.024046608927588
Otu197	-0.0254150637963007	-0.0321502369424439	-0.0418308651887286
Otu198	0.00706948469507688	-0.0299032715779031	0.0414084786883768
Otu199	-0.0010234814493924	-0.0131184257455812	-0.0281394958141448
Otu2	-0.265085426651409	0.0377944048312592	-0.0413085110806722
Otu20	0.00232406229731379	-0.00423217424487119	0.00493059719372467
Otu200	-0.012196995033916	0.014086196745754	0.00604886018715149
Otu201	0.00070383333453756	0.00133665732635188	-0.0199869723369747
Otu202	-0.000469726841392376	-0.0233185568425045	0.0293442857214217
Otu203	0.000433117040709656	0.000262911548067254	0.0417688899399616
Otu204	-0.0125672720042393	-0.0111243031055671	-0.00875507935149035
Otu205	-0.00836899701057514	-0.0105868408994417	-0.0137746018865079
Otu206	0.0189865767677316	-0.0209966706404576	0.0218621817498123
Otu207	0.0310523280753028	0.0136232356986294	-0.0085357796890227
Otu208	-0.0125111042061367	-0.048787849503802	0.0189409363222867
Otu209	0.042668060369398	-0.00547083548768651	-0.0376539794010319
Otu21	-0.16199777763061	-0.104290760507689	-0.142686000034858
Otu210	-0.000657668864689264	-0.0281532952987007	0.0265345882421516
Otu211	-0.0161258760766125	-0.00089572083599428	-0.00252061141283588
Otu212	0.00818961631032064	0.00291168225875761	0.021373965880156
Otu213	-0.0078903660505435	-0.0099813693217844	-0.012986819202793
Otu214	0.0103263109955801	-0.0170696852719379	0.0386148144653723
Otu215	0.000911494134752225	-0.0115884276181759	-0.000107395961480495
Otu216	0.0357210071106247	-0.0160913909231046	0.00937425206301049
Otu217	0.015833213669055	-0.0114367632025718	0.0370853509728966
Otu218	-0.0227317474070561	0.0193822045765578	0.0173928353005639
Otu219	0.0305983110598981	-0.0346352033472774	0.0216757910305893
Otu22	0.0444280679639102	0.0042812459227485	-0.0636655235235146
Otu220	0.0191912318190971	0.00336471104974208	0.0119662013282642
Otu221	0.0271267111317068	-0.0170754664513086	0.013705316896919
Otu222	-0.00683325744492896	-0.00864411939721994	-0.0112469153439743
Otu223	-0.0180405377433501	-0.0102280071651428	-0.00166135865118088
Otu224	0.0201121097234474	0.0270634620519317	-0.0437224279708725
Otu225	-0.00902837745141818	0.0206245257216829	0.0279652716374141
Otu226	-0.00408108081011351	-0.00481689140290696	-0.0230962548507045
Otu227	0.000230575639346348	-0.00928670937936921	-0.0248042892593942
Otu228	-0.0404055282198925	-0.0133446692870515	-0.019987130787607
Otu23	-0.0868886176211268	-0.00238478797056353	0.0400851602849835
Otu230	-0.00742829798739885	0.00254663388775749	0.00248356341708323
Otu232	-0.0481861495457001	0.00625391492304283	0.00346702653453592
Otu233	0.0161851063310507	-0.00430321112558828	-0.0110955842507252
Otu234	0.00136039439973492	-0.0183626850537513	-0.0228130359510947
Otu235	-0.022991639129567	-0.00519761982795854	-0.00842240845242904
Otu236	0.0145247417977945	-0.0369460642987609	0.0080030526002448
Otu237	0.0199006216487904	-0.0154982466394131	0.0140850643606825
Otu238	-0.018683050978197	0.00216668115911059	0.00102634228111308
Otu239	0.00606402924501214	0.00815994083220721	-0.0131828080457022
Otu24	0.0482349812041065	-0.208883911489924	-0.0233625795538796
Otu240	-0.024307606868645	0.00573864972968137	0.00493127489122444
Otu241	0.0115308344435932	-0.00845366195482931	0.0264685767078149
Otu242	-0.0158464193094355	0.0177227786208073	0.0204349111251175
Otu243	0.00149009155597903	0.0090628169290771	-0.00242823998513404
Otu244	0.00610486331312789	-0.0248210504365309	0.0198931205977888
Otu245	-0.00848223274914461	-0.00795080801016621	-0.0103015408439515
Otu246	0.00700213783396305	0.0094222880720925	-0.0152221955477226
Otu247	-0.00536515928286371	-0.00526709238981525	0.0211524023207117
Otu248	-0.0186391140916577	-0.0236555754428414	-0.0305366454354302
Otu249	0.0118842663869576	-0.019659148146163	0.0390679700699128
Otu25	-0.00325526904306964	-0.0112900681778323	-0.00425247073061392
Otu250	0.0509851200249681	0.0295885256543528	-0.0424706439438977
Otu251	0.00393700069932755	-0.0028639488993875	0.0491744245623366
Otu252	-0.0170223522126879	-0.0316763199248446	-0.0264539543829919
Otu253	-0.0221101233383184	0.0207896047998936	0.0236615196805527
Otu254	0.00580021725849421	-0.0130214931100643	0.00257501044582936
Otu255	0.00404402476524114	0.0303650993013162	0.0247012989278094
Otu256	0.00971984706473825	-0.0223967406732657	0.0185326023577824
Otu257	-0.0197667936165734	-0.0254841439793733	-0.0159098539352887
Otu258	0.0107854453046581	-0.00798045407218849	-0.028791743064333
Otu259	0.00615999327490739	-0.0202756922902779	0.038207519940825
Otu26	0.109671720188861	0.153824161058895	0.0865749293675937
Otu260	-0.00527269223817931	-0.0161772084095097	-0.0111903186881205
Otu261	-0.0366921933456728	-0.00562112270135283	-0.0101482463468982
Otu262	0.0091474356099359	-0.0228845760545008	0.00711018203249984
Otu263	0.0074932247244044	-0.0347329935753086	0.0191473270400216
Otu264	-0.0119046783699232	0.0141479816130883	0.0124903117246968
Otu265	0.00479969186991286	-0.000900892349836329	-0.0004512616544465
Otu266	-0.0109452711040149	-0.0106700940966304	-0.00461305067728313
Otu267	-0.000244064661262937	0.00238127095509307	0.0117108994116246
Otu268	0.00952151628932844	-0.00530584771995946	-0.000376038654807415
Otu269	-0.0222363184887128	0.00441359843629491	-0.0062209682413131
Otu27	0.0177155252138823	-0.0244209405398422	0.0269502291377743
Otu270	0.00273316415870664	-0.00655302014974641	-0.0101257396696828
Otu272	-0.00660851672704194	-0.0113319149444412	0.0067098986833738
Otu273	0.0247696133121514	-0.0026482379811298	0.00964311717536158
Otu274	-0.0285316560932143	-0.101483027215241	-0.108045117687931
Otu275	0.00727616359345994	-0.0350715176553869	0.0284852065552572
Otu276	0.00309514935528307	0.00678887474148163	0.00645260301496677
Otu277	0.011525353581844	-0.02600482405122	0.0105137070268465
Otu278	-0.0211370125931929	-0.0169866579638827	-0.0227790339125008
Otu279	0.0264064050249432	-0.0121617724262571	0.00729114634951482
Otu28	0.163497770822655	0.0171395946469245	-0.085506336296077
Otu280	0.0134493243646546	0.0251555216596244	-0.0284268399457644
Otu282	-0.00836899701057514	-0.0105868408994417	-0.0137746018865079
Otu283	0.00404457961753069	0.01922140933285	0.0133329336820757
Otu284	0.0072305583007488	-0.00110505757046406	0.0136644048467361
Otu285	-0.0073807616043416	-0.00933671606324335	-0.012148057000207
Otu286	0.00136496506747861	0.000142137677049592	-0.00280244130656439
Otu287	-0.0227574455602069	-0.0941886921877618	0.038825750772636
Otu288	-0.00269360476980554	-0.0194447986259402	-0.00196166870795491
Otu289	-0.00636008837406373	0.0121256054018169	-0.0210808296554315
Otu29	0.0188584754422099	0.281601350545076	-0.011549885349256
Otu290	-0.00999668691876005	-0.0341622691137311	-0.0131374191605011
Otu291	-0.00355609961724409	-0.00774584076555249	0.00420300510353618
Otu292	-0.0060019390127026	0.0121107245772255	0.00468594274299782
Otu293	0.0214305500120004	0.0123812469296556	-0.0242660580485152
Otu295	-0.00349823390735237	-0.0117585321845131	0.00732396488272263
Otu296	-0.0118938969821107	-0.0113976402952835	-0.00102750284925847
Otu297	-0.00600215631710721	0.00459201775539915	0.00426283649077073
Otu298	-0.00683325744492896	-0.00864411939721994	-0.0112469153439743
Otu299	-0.0170337867517902	-0.0146522881171043	-0.0195433093151097
Otu3	-0.245851187542856	0.319404299444233	0.371775790152451
Otu30	0.0595494220194	0.0165963000149112	0.0244087363600886
Otu300	-0.00273681315606465	-0.00317982126999595	-0.0178780798342708
Otu301	-0.0178613550021625	-0.000789023116010598	-0.00254174410851282
Otu302	0.00237585695913155	-0.0274819312617721	0.025159960192089
Otu303	-0.00985173683748958	0.0213187562308534	0.0253907139835827
Otu304	-0.00478693897173239	-0.0106812640164068	0.0162402332289911
Otu305	0.00855361059055	-0.00968340346161695	0.03148838834494
Otu306	0.00663734187904741	0.00121742942432436	0.00183407430393148
Otu307	-0.00804411601941361	0.00952735610054567	0.00132470659801185
Otu308	-3.63259191978005e-05	-0.00748590149406832	0.00887975185837746
Otu309	0.0158461493766694	-0.00811495353817055	0.00548332867138524
Otu31	-0.0929506026617168	-0.058874370929932	-0.0813893033824087
Otu310	-0.000363555600963473	-0.0125362008273693	0.00929964349109191
Otu311	-0.00394518302527175	-0.0049906846608922	-0.00649340960139649
Otu312	-0.00402195472200499	0.00870334578606171	0.0103657155774546
Otu313	0.00770804262960123	-0.0140365340176434	0.016352940883964
Otu314	-0.00885379739890771	0.00259103034290132	0.0024129454702993
Otu315	1.97601867851849e-07	-0.00101355643885628	0.0275970975841579
Otu316	-0.0107874247581253	-0.0102452395197471	-0.00294274696670186
Otu317	0.017026272457623	0.00819206098543193	-0.0170480998534065
Otu318	0.00793064670598989	-0.00924868181491882	0.0205794409985205
Otu319	-0.0048006430311942	0.000822725926550296	0.00059132382655798
Otu32	-0.051763981128647	-0.00475528481081085	-0.0610060224395089
Otu321	0.0132889707735065	-0.0106211908720994	0.0097744678539561
Otu322	-0.0202231353909041	-0.00695366622997355	-0.000403091780322005
Otu323	-0.00241236810065236	0.0102035174894739	0.000740384021091562
Otu324	-0.00492586841874479	0.0106593781154267	0.0126953569917914
Otu325	-0.000545115314186947	-0.0182576327085253	0.00181046519141462
Otu326	-0.0178478340774617	0.0151909746667477	0.0171407658882984
Otu327	-9.485457014356e-05	-0.0199396260105069	0.0164121254597957
Otu328	-0.0145293541431853	0.0100514416800612	0.0111024880450682
Otu329	0.00657344084132226	-0.0119703964308459	0.0139458348439283
Otu33	-0.0281310901011179	-0.00873079393263813	0.0129066735029895
Otu330	0.00834311458838277	-0.00888961321044372	-0.00903322178760125
Otu331	-0.0153482152644768	0.0236472415401817	0.0277754025544161
Otu332	-0.00604493471326135	-0.0148190151443129	-0.00884400469278321
Otu333	0.00247382319440462	0.0136280256734269	-0.0193008137385617
Otu334	-0.00685289518471836	0.00694960285653463	-0.001745406622018
Otu335	0.00256986217122567	-0.0108110983866573	-0.00693297131075056
Otu336	0.00172125580328431	-0.0031659244895994	0.00598609005856685
Otu337	-0.00825742540683349	0.00764390710144784	0.0141073923114312
Otu338	0.00725489760370948	-0.000330398769094432	0.0220100874806881
Otu339	0.00715958543674509	-0.00799174329752712	0.0169269298971498
Otu34	0.0448443965541666	0.0529844712696571	-0.087505864092844
Otu340	0.00573304770868286	0.00761388343551032	-0.0147028476468179
Otu341	-0.00990134341154599	-0.00562969642875354	-0.00780396141406571
Otu342	-0.00557933134038342	-0.00705789393296112	-0.00918306792433859
Otu343	0.0137909119426222	0.0286797751536758	-0.0362265408462121
Otu344	-0.00885379739890771	0.00259103034290132	0.0024129454702993
Otu345	0.0196826501634672	0.0137385358141829	-0.0254978191603148
Otu346	-0.00115646851636138	-0.00153990411769767	-0.00176181346711572
Otu347	-0.00362359092802554	-0.00180459145846185	-0.00230466180211595
Otu348	0.0145384782523025	0.0123163047168771	-0.00378838130997063
Otu349	-0.0103799743715776	-0.00623516800641082	-0.00859174409778061
Otu35	-0.108615696749999	-0.0748727598752586	-0.106126204129559
Otu350	-0.00513656237727728	-0.00688889732404847	0.00511951727429471
Otu351	0.00285189981578485	-0.00537203776907247	0.0063681277454548
Otu352	0.00459852305169525	0.00690087216417464	0.0159226731936123
Otu353	0.00264092594241902	0.0181547702016136	0.0139051447570935
Otu354	0.00270874552025882	-0.0227751962887726	0.0204377332601327
Otu355	0.0120761819367082	-0.0219910224558041	0.025620134553563
Otu356	-0.0040609268616462	-0.0236223865822847	0.012715778318198
Otu357	0.012198899114701	-4.11412320633284e-05	-0.00419704505288457
Otu358	0.000711403246789812	0.00118219706956569	-0.0122026317360306
Otu359	0.0162295307612002	-0.00749401352955924	0.00455504333949096
Otu36	0.0323905139604346	-0.0687857517743205	0.0589435818511154
Otu360	-0.0034831149621271	0.00753731854864969	0.00897697301847972
Otu361	0.00350106891698152	0.00471114403604625	-0.00761109777386132
Otu362	-0.0021801617915941	0.00636089529205951	0.0293693626796982
Otu363	0.00373862724969024	0.00513302541491505	0.0126468262623081
Otu365	0.0179270639361058	-0.00438003268306103	-0.000308447216238046
Otu366	0.0176806725980585	-0.0165180092220137	0.0162422753534044
Otu367	-0.0101133986140556	-0.0271377806162291	-0.0144349196129647
Otu369	0.00214690631226247	-0.00153088882976427	0.00137579959852541
Otu37	0.0816799313981479	-0.0597701832984767	0.00558277028061185
Otu370	0.00123572830871101	-0.0108592877850819	0.00394851088901837
Otu371	-0.011808948764447	-0.0181857537895536	-0.00938042804723194
Otu372	-0.00394518302527175	-0.0049906846608922	-0.00649340960139649
Otu373	0.0177106662675208	-0.00440522276960519	0.0101858653107561
Otu374	-0.0100180194816356	-0.00874237499069694	-0.0113135167120439
Otu376	0.0046367927258038	-0.0087904531148141	0.00835854087774705
Otu377	0.00274279394422003	-0.00632756416204863	-0.0103015056493877
Otu378	0.00440889029921513	0.00151290511501524	-0.00354160754079145
Otu379	0.00929949127555646	-0.0189705924667782	-0.00489514220496937
Otu38	0.00661197849777541	0.00153777525166352	-0.00439105577047192
Otu380	0.00892396910880324	-0.020586261374169	0.0101750325401085
Otu381	0.0226946084975345	0.0024760336509682	-0.0060604546647751
Otu382	-0.0129732854728623	0.0123478217029083	0.0235327256344811
Otu383	0.00379220648038484	0.00996770809384822	0.00314385251586205
Otu384	0.00869584486206695	-0.0158353460254367	0.0184486054111068
Otu385	-0.00497781281420368	0.0122927090977031	-0.00210250977600657
Otu386	-0.000693955722765802	0.00923910847527503	0.0226242012573673
Otu387	0.0158794160500877	-0.00412624332081057	6.11576966240922e-05
Otu388	0.0111728473185089	-0.0149914133290025	0.0018017611958849
Otu389	0.00174613130792751	0.0243147178828904	-0.00112475998455084
Otu39	0.0504727203775472	0.0516712776562956	-0.0601553609138343
Otu390	-0.0078903660505435	-0.0099813693217844	-0.012986819202793
Otu391	-0.00483184267690273	-0.00611231544316039	-0.00795277010715525
Otu392	8.02109536309767e-05	-0.0123210254794936	0.00204663524979117
Otu393	-0.00696622992425419	0.0150746370972994	0.0179539460369594
Otu394	-0.00201097736100249	0.00435167289303085	0.00518285778872728
Otu396	-0.00474779051706714	0.0011718516230349	-0.0126952220455435
Otu397	-0.00198944261291386	0.000262617813607071	0.000384996520826151
Otu398	-0.00277913690042935	-0.0293751091125034	-0.000588614848044016
Otu399	-0.00666965736834435	0.0144328661965437	0.0171895946269795
Otu4	-0.226574332504547	0.00937979469506896	0.00157584089285981
Otu40	-0.0289910560614164	-0.0366738926589624	-0.0477166206429315
Otu400	-0.00937648240010316	0.000281759544242871	-0.0101794877161993
Otu401	-0.00146955345267267	-0.00165940276585733	-0.0118752684495677
Otu402	0.00180417313707259	-0.00231015366540679	0.0171908621641185
Otu403	0.00127574305965864	-0.0016335253223921	0.0121557752106914
Otu404	0.0157194766175081	0.00643359704928216	-0.0142072100721896
Otu405	-0.00914893445399426	0.0102322510075112	0.0117981014389527
Otu406	0.00350106891698152	0.00471114403604625	-0.00761109777386132
Otu407	-0.00686784587116713	-0.066692636277474	-0.0164867910007284
Otu408	-0.00798416222736037	-0.0170725589472183	-0.0214923135920478
Otu409	-0.00245301580443857	-0.0231893356258134	-0.0103674035138776
Otu41	0.0320223283375982	0.0163303298008576	-0.0115517797864542
Otu410	0.000114343366903301	-0.0138539091492281	-0.0139801638512196
Otu411	-0.0260437121441909	0.0349680422173494	0.0407782473076968
Otu412	0.00507663271785008	0.00495650508543008	0.0123098966575035
Otu413	-0.0132041119973004	0.00718367179125717	0.00768696397654995
Otu414	-0.00201097736100249	0.00435167289303085	0.00518285778872728
Otu417	-0.00394518302527175	-0.0049906846608922	-0.00649340960139649
Otu419	-0.00278962844693585	0.00379266166135177	0.00288388007590833
Otu42	0.0572159548385938	0.0395919601194314	-0.112382243895617
Otu420	0.00437972218961938	-0.00121689600086204	-0.0148461690961908
Otu421	-0.00182251927569178	0.00593549480303774	0.0152304986074367
Otu423	0.00297593326393163	-0.0105288126780032	-0.00462553832923752
Otu424	0.00593760924494441	0.00927723994150665	-0.0017844231698047
Otu425	0.00273953429443516	-0.0192103439877521	0.0175594607086729
Otu426	-0.00595616038627424	-0.000639011767861343	-0.00131055181266922
Otu427	0.00642894784884737	-0.00741580391510901	-0.0101104276580194
Otu428	0.0147762190014322	-0.00338946438339156	-0.000553659187509083
Otu43	0.114209926835315	-0.1189844989987	0.123552807720607
Otu430	-0.00399962732994529	0.000216491222756648	0.0139706057931033
Otu431	0.0142579428170155	-0.00522279057632922	0.00211388078045057
Otu432	0.00258293649196766	-0.00210475194638988	0.0156947132477201
Otu433	-0.00325526904306964	-0.0112900681778323	-0.00425247073061392
Otu434	-0.00252370419173507	0.0109443483161159	-0.00354747134891134
Otu435	0.00821073441221904	0.0110486121167347	-0.0178496064740381
Otu436	-0.00634606785558682	-0.00782822826098558	-0.0199015641226435
Otu437	0.00247467841131774	0.00325311547174883	-0.00524179667605969
Otu438	0.00495125914519816	0.00666256379006973	-0.0107637176963423
Otu439	-0.00445962190743705	-0.0049655385835829	0.0178372299342554
Otu44	0.0129057144467782	-0.133823907722789	0.0941675433962683
Otu440	0.00149555128300842	-0.00460555741818924	0.00801759811900355
Otu441	0.00399812366745094	-0.00480300114585726	-0.00522971431406646
Otu442	0.00535952784141739	-0.0072821514201767	-0.00234143734858127
Otu443	-0.0103799743715776	-0.00623516800641082	-0.00859174409778061
Otu444	-0.0073807616043416	-0.00933671606324335	-0.012148057000207
Otu445	-0.00878762210696466	-0.00402123820481319	-0.0154273964241333
Otu447	0.0126674419807991	-0.00948937175004646	0.00845586803643658
Otu448	-0.00908183353060116	-0.0017367704817066	-0.00293731428374035
Otu449	0.0431847763252066	0.0732103941437691	-0.170952672305488
Otu45	0.00454035569723437	-0.114534046429278	0.122619081965529
Otu450	-0.00532054598939356	0.0115134442620606	0.0137125527895865
Otu451	0.00422557687511266	-0.0047494200062785	0.0135516807683485
Otu452	0.00805078795780545	-0.0146606816372027	0.0170800897023753
Otu453	-0.0109008601766011	0.00717932181569714	-0.00583712629418738
Otu454	0.0180659134148129	-0.0250590060174326	0.027693592636343
Otu455	0.000320867142626602	-0.0025842498796671	0.012940476489744
Otu457	0.00258837428272186	-0.0683354996448528	0.0324425370169781
Otu458	0.00386546693407246	-0.00756535562508295	0.00375587843062609
Otu46	-0.00821210506558531	0.0128913453720577	-0.00735579019381053
Otu460	0.0100745097583038	-0.00725925239479966	0.006334737070067
Otu461	0.00657344084132226	-0.0119703964308459	0.0139458348439283
Otu462	0.00309032587919516	-0.00443307788219622	0.022922807862408
Otu464	-0.00648453782170743	-0.00667189516603885	-0.00673949026124225
Otu465	-0.0073807616043416	-0.00933671606324335	-0.012148057000207
Otu466	0.00185845892443586	-0.0119932954562229	0.00526966042528005
Otu467	-0.0104379731615025	-0.0132041104846655	-0.0171799469661742
Otu469	0.00158761473412165	0.0107832586346226	-0.00231077453864965
Otu47	-0.0235326657803335	-0.0200171763295184	-0.0267220594470191
Otu470	0.00587977683096232	-0.0150427128343535	0.00371664890743678
Otu471	-0.000519889160241194	0.00192202057946441	0.0122602649703938
Otu472	-0.0248018597565977	0.063485785520443	0.0803636771175325
Otu473	-0.00247658073388042	-0.0034094483183209	0.00552192102028265
Otu475	0.0021203361784175	-0.0255621852390467	0.0156359076813481
Otu476	-0.00201097736100249	0.00435167289303085	0.00518285778872728
Otu477	0.0108503992006165	-0.00867216603244991	0.00798081958314312
Otu478	-9.51161281340331e-07	-7.81664232860331e-05	0.00014006217211148
Otu479	0.00189284576813756	6.05107529993577e-06	0.00366708089182619
Otu48	0.0232213914409483	-0.0312000452564915	0.0342264067579236
Otu480	-0.0119890924692817	0.0124160069112312	0.0142380215535126
Otu481	-0.000238179550874438	-0.00679599761126476	0.0197200164592136
Otu482	0.00869783019771948	-0.00475228526810958	0.00341405272097675
Otu483	-0.0363207708593077	0.0415489861030659	0.0479801583643613
Otu484	0.00712375416722665	-0.00513306659470752	0.00447933553927817
Otu485	0.00670055724007321	-0.0031679335739589	0.0199480550542726
Otu486	0.00232406229731379	-0.00423217424487119	0.00493059719372467
Otu487	-0.0100001345734933	-0.0124506487170495	-0.0259158229689902
Otu488	-0.00446507218551294	-0.00306866408142779	0.00576685536899732
Otu489	-0.00278966567019171	-0.00352894696648056	-0.0045915339621693
Otu49	0.0290307388738799	-0.0129831839437364	-0.0398646435865441
Otu490	-0.00963308594038171	0.007317704987779	0.00816592595194179
Otu492	0.000464652211596585	0.00768295478806572	-0.0001990010594439
Otu493	-0.0127185375676051	0.0275223959479835	0.0327792708022439
Otu495	0.00378377517113055	-0.0154993433973265	0.00935430088175902
Otu496	-0.00105988089792804	-0.000205222595843293	0.00815663960561286
Otu497	-0.00430358828072479	-0.00869141925535322	0.00297270728635284
Otu499	0.00661354308171032	-0.00351432576895603	0.0128461329301845
Otu5	0.0294964679776979	0.0306191270251552	-0.0143746456691179
Otu50	0.0225228937415492	-0.00341799210611568	-0.00321565345649864
Otu501	0.00553567601144029	0.00744897276951227	-0.0120342022298195
Otu502	0.00428791620046163	0.00576994949653472	-0.00932165296419659
Otu503	-0.00394518302527175	-0.0049906846608922	-0.00649340960139649
Otu504	-0.00767579413445771	4.18793811752064e-05	-0.000623102330486113
Otu505	0.00767239085333703	-0.00613214740912097	0.0056432916466669
Otu506	-0.0236575661289035	0.00635369707653879	-0.0711073352814737
Otu507	0.00232406229731379	-0.00423217424487119	0.00493059719372467
Otu508	-0.00811021165958527	0.00798449729558006	0.00912101882741722
Otu51	-0.0832895548443656	0.0181824763921997	0.015073012730386
Otu510	0.00402175340090721	0.00228650048063962	-0.00446996098129733
Otu511	-0.00394518302527175	-0.0049906846608922	-0.00649340960139649
Otu513	0.0105902490188235	0.00856123106749893	-0.00492040328847824
Otu514	-0.00925227431856124	-0.0117041929928789	-0.0152283953646894
Otu516	-0.00193076640737152	-0.0079693525864627	0.00722949303851845
Otu517	-0.00201097736100249	0.00435167289303085	0.00518285778872728
Otu518	0.00606402924501214	0.00815994083220721	-0.0131828080457022
Otu519	0.00335463874531871	-0.0069171342488505	0.069468057184244
Otu52	0.0342179411330948	-0.0334454946991334	0.108155062689864
Otu520	-0.0033105197896724	0.00708360494574374	0.00866975717297071
Otu521	-0.00100748538952802	0.0108686004436845	0.00359511417030855
Otu522	-0.0140026141383218	-0.00796159304158664	-0.011036468072008
Otu523	0.0056036299624301	4.54073256248391e-05	-0.012683650006087
Otu524	-0.00784074283445698	0.00222448104646461	-0.00765180117366575
Otu525	0.00328672042066113	-0.00598519821542295	0.00697291742196416
Otu526	0.00328672042066113	-0.00598519821542295	0.00697291742196416
Otu527	0.00418252122174965	-0.0162254697010941	0.0102002576190047
Otu528	-0.00492586841874479	0.0106593781154267	0.0126953569917914
Otu529	0.000265961478456641	0.0144732952825964	0.00104406261325796
Otu53	0.0697745243661621	-0.099268684361492	0.102962135281394
Otu530	-0.0015451222562416	-0.0120975136585833	-0.000979852685191097
Otu531	0.00350106891698152	0.00471114403604625	-0.00761109777386132
Otu532	0.00669884287878564	-0.0086947882733056	-0.00517968004591473
Otu533	0.00785973830875407	0.00321679852464108	-0.00710360503609479
Otu534	0.0353932328190681	-0.0672265308113361	0.0415308383404056
Otu535	0.0122361283911218	0.00371827129813339	-0.00930956162285041
Otu536	-0.043548954348146	0.00313654868718778	-0.00683098348353365
Otu537	-0.00146955345267267	-0.00165940276585733	-0.0118752684495677
Otu538	0.00292105504352194	-0.00164715178426776	0.00885178853427322
Otu539	0.00823797956585928	0.000677365574646774	-0.00379080027437819
Otu54	-0.00225774271327843	0.0254176435987123	-0.00250340873565338
Otu540	0.00297988040881496	-0.00333341076106901	-0.000771010389416457
Otu541	0.00265662009123128	0.00711047414984118	0.00265431850509945
Otu542	0.00816839633145831	-0.00703538550744827	0.00669558840365294
Otu543	0.00606402924501214	0.00815994083220721	-0.0131828080457022
Otu544	-0.00568790291510996	0.0123083896486712	0.0146593355533383
Otu546	0.00491837695940951	-0.017565480984124	0.0117614069217947
Otu547	-0.00394518302527175	-0.0049906846608922	-0.00649340960139649
Otu548	0.00232406229731379	-0.00423217424487119	0.00493059719372467
Otu55	0.0582946697933777	-0.122896759350845	0.0936030143832112
Otu550	-0.00683325744492896	-0.00864411939721994	-0.0112469153439743
Otu551	0.0176731409516367	0.0164732189205717	-0.00361801341426612
Otu553	0.00428791620046163	0.00576994949653472	-0.00932165296419659
Otu554	-0.0048006430311942	0.000822725926550296	0.00059132382655798
Otu555	-0.00831495763902982	0.00142500310548929	0.00102420291132447
Otu557	0.00180317649229033	0.00918231557723677	0.00768521499731791
Otu558	-0.00201097736100249	0.00435167289303085	0.00518285778872728
Otu559	-0.000436855847008739	-0.00683818144630079	0.0137632843093379
Otu56	0.0989155252399746	-0.0295767185890833	-0.00803252189662796
Otu560	0.00350106891698152	0.00471114403604625	-0.00761109777386132
Otu561	-0.00275951901545441	0.00374103537641543	0.00718404536506568
Otu562	0.0216918375547322	-0.00532993564355903	-0.000332428064790971
Otu563	-0.142915326270684	0.0271911594482069	-0.0275843450675294
Otu564	0.00606402924501214	0.00815994083220721	-0.0131828080457022
Otu565	0.00328672042066113	-0.00598519821542295	0.00697291742196416
Otu566	-0.00284395145755498	0.0061541948243356	0.00732966777666914
Otu567	0.00752646289588425	-0.0026191967825551	0.000928947077326343
Otu568	-0.00535173183714392	-0.00419029486369599	0.00430749486323856
Otu569	-0.00201097736100249	0.00435167289303085	0.00518285778872728
Otu57	0.03406893570553	-0.106829707588773	0.127294280218384
Otu570	-0.00201097736100249	0.00435167289303085	0.00518285778872728
Otu572	0.00402539397890272	-0.00733034081860135	0.00854004485118766
Otu573	-0.0261720804769758	-0.0154176538943444	-0.0113504241593309
Otu574	0.00495125914519816	0.00666256379006973	-0.0107637176963423
Otu575	-0.0216990252526376	0.0140637791000176	-0.0205742268020145
Otu577	-0.00627278063231881	0.00400837158216913	0.00438543905631042
Otu578	-0.00595616038627424	-0.000639011767861343	-0.00131055181266922
Otu579	-0.000735234301343856	0.00271814757063876	0.0173386329994187
Otu58	-0.017266366231548	0.00321468360816692	-0.0853767512894115
Otu581	0.00449004619049931	0.000352613969464366	0.00834104379174376
Otu585	-0.00640716652648865	0.0269491626090176	0.0288455925769979
Otu586	0.000464652211596585	0.00768295478806572	-0.0001990010594439
Otu588	-0.00278966567019171	-0.00352894696648056	-0.0045915339621693
Otu589	0.0113447599091064	0.0152658514452332	-0.0246627755513123
Otu590	0.00509180011238897	0.0228580989133539	-0.0199116058697167
Otu591	0.0387065136791793	-0.0268372199577959	0.0229098423917824
Otu592	-0.00278966567019171	-0.00352894696648056	-0.0045915339621693
Otu593	0.00767239085333703	-0.00613214740912097	0.0056432916466669
Otu594	0.0065010235515018	-0.00399905892356649	0.00315818600301649
Otu595	-0.00201097736100249	0.00435167289303085	0.00518285778872728
Otu596	-0.00284395145755498	0.0061541948243356	0.00732966777666914
Otu597	0.112052147786454	-0.196210235887576	0.227089393677125
Otu598	0.00479969186991286	-0.000900892349836329	-0.0004512616544465
Otu599	-0.00315798755514762	0.0059565297528899	-0.00264372503367133
Otu6	0.270602281321732	0.112875293388967	-0.17196222676025
Otu60	0.0813452178443199	0.046702281151666	-0.06557928524298
Otu600	0.00326119692596806	-0.0074044492622534	-0.0350085884126407
Otu601	0.00131657690778577	0.00663642619881335	0.00852571136403322
Otu602	-0.015651766046887	0.0155354451403076	0.0276968103976133
Otu603	0.0241116907611374	0.0318149814537657	0.0249247678468396
Otu604	-0.00767607227617949	-0.0166828229619207	-0.0209852257752655
Otu605	-0.00836899701057514	-0.0105868408994417	-0.0137746018865079
Otu606	0.00292743033102885	-0.0233983458385271	-0.00030068230587023
Otu607	0.000456461843611047	-0.014971041302777	-0.0199405921198915
Otu608	0.0273054130126097	0.011778280716985	0.0113755847207968
Otu609	0.00328672042066113	-0.00598519821542295	0.00697291742196416
Otu61	-0.0214283170056941	0.0296025501458885	0.0360048134167474
Otu612	-0.0125971508568487	0.00587023266794957	0.00612265334071245
Otu613	-0.0514180583306048	-0.0109840821371205	-0.00934137950303024
Otu614	-0.00763765633657063	0.0053176039038709	-0.000988239572142951
Otu615	-0.0202774141815017	-0.0102321022389086	-0.0143844160722775
Otu616	0.00127574305965864	-0.0016335253223921	0.0121557752106914
Otu618	0.00982495985623407	-0.0100520281734613	0.0102100585088333
Otu619	0.00582513121429531	0.000478969791175057	-0.00268050058013664
Otu62	0.0942705309253143	-0.0174939272681294	0.00157484516829896
Otu620	0.00491837695940951	-0.017565480984124	0.0117614069217947
Otu623	-0.00451875774059143	-0.00599281679500073	0.00216068487529669
Otu625	0.000464652211596585	0.00768295478806572	-0.0001990010594439
Otu628	0.00278871450891037	0.00345078054319453	0.00473159613428078
Otu629	0.00965755023830797	-0.0581348517140277	0.00503221968070099
Otu63	0.00123585803589059	0.115987633232937	-0.0210982794735102
Otu631	0.0065010235515018	-0.00399905892356649	0.00315818600301649
Otu632	-0.00247658073388042	-0.0034094483183209	0.00552192102028265
Otu633	-0.00759030870138592	-0.00270622103993026	-0.00400021013561132
Otu634	-0.00603293208300748	0.0130550186790926	0.0155485733661818
Otu635	-0.0130794349327714	-0.0462039714338635	0.0451247665294554
Otu637	-0.0088216974281859	-0.0111595101560204	-0.0145197052744724
Otu638	-0.000519889160241194	0.00192202057946441	0.0122602649703938
Otu639	-0.00284395145755498	0.0061541948243356	0.00732966777666914
Otu64	-0.0236018683123501	-0.083862157542844	-3.64838008343009e-05
Otu641	0.00551548553488176	0.00173247611047575	0.00611180486605362
Otu642	0.00232406229731379	-0.00423217424487119	0.00493059719372467
Otu643	0.00576234999326021	-0.00265391632038809	0.00159105857379298
Otu645	-0.0138335928136287	-0.047728769685557	-0.0275355130981254
Otu646	-0.00394518302527175	-0.0049906846608922	-0.00649340960139649
Otu647	0.00464812459462757	-0.00846434848974239	0.00986119438744935
Otu648	-0.00557933134038342	-0.00705789393296112	-0.00918306792433859
Otu65	-0.0264612810783786	-0.023119584545587	-0.00639267445337119
Otu650	0.0232572711628608	-0.00161701011870751	-0.00591465790291363
Otu651	0.0115881606795791	-0.0281740790173527	0.0162489542070216
Otu652	0.0615396970987698	0.0243954331092577	-0.0545460509045433
Otu653	0.000497054750469418	-0.00951414518190351	0.00238138345979486
Otu654	-0.00278966567019171	-0.00352894696648056	-0.0045915339621693
Otu655	-0.00327066971643586	-0.0229033941237388	0.0277262939553429
Otu656	-0.0076865248276674	-0.0368482917497936	-0.0142372251152739
Otu657	0.0171091172581095	-0.00577312153660808	0.0536964519948312
Otu658	0.00131657690778577	0.00663642619881335	0.00852571136403322
Otu66	-0.0353015323347372	-0.0493866717789474	-0.0598500807001131
Otu660	-0.00201097736100249	0.00435167289303085	0.00518285778872728
Otu661	-0.0102247130618966	-0.00318252123890775	-0.00481838922353787
Otu662	-0.00201097736100249	0.00435167289303085	0.00518285778872728
Otu664	-0.00394518302527175	-0.0049906846608922	-0.00649340960139649
Otu665	0.0029726843230685	-0.00618286328686865	-0.00300047538837631
Otu666	-0.0105834771440767	0.00230972664563034	0.0118532097602946
Otu668	0.0089360407950892	-0.00269439899320767	0.000539541423252758
Otu669	-0.00284395145755498	0.0061541948243356	0.00732966777666914
Otu67	0.0568313273745224	0.0699855253201046	-0.154835525269153
Otu671	-0.0132109120399371	0.00153207494027623	0.000725733586793529
Otu674	0.00393382860412095	-0.00939297707389323	0.00286222504604681
Otu675	0.00328672042066113	-0.00598519821542295	0.00697291742196416
Otu676	0.00409152165899566	0.00732206982976145	0.00662823747624729
Otu677	-0.00278966567019171	-0.00352894696648056	-0.0045915339621693
Otu678	0.00232406229731379	-0.00423217424487119	0.00493059719372467
Otu679	0.00328672042066113	-0.00598519821542295	0.00697291742196416
Otu68	-0.0824743954366864	0.0541175196407813	0.0594030635135647
Otu680	-0.00278966567019171	-0.00352894696648056	-0.0045915339621693
Otu681	0.00582513121429531	0.000478969791175057	-0.00268050058013664
Otu682	-0.0198128252682564	-0.0153115515547819	-0.020599542965006
Otu683	0.0071406933260463	-0.0045541777589832	0.0141065847370956
Otu684	-0.00483184267690273	-0.00611231544316039	-0.00795277010715525
Otu685	0.0146696938237193	0.00562393337167121	0.0119528302858295
Otu686	-0.00278966567019171	-0.00352894696648056	-0.0045915339621693
Otu687	-0.00278966567019171	-0.00352894696648056	-0.0045915339621693
Otu688	0.00240709561054624	-0.0129923762706364	0.00643361653266878
Otu689	0.00441242296096388	-0.0189045014179866	0.0138215392125523
Otu69	-0.0275422765201111	-0.00431488568284003	0.0270499233055947
Otu690	-0.0044669240730675	-0.0216880601904766	-0.00488038971947244
Otu692	-0.000465603372877925	-0.00776112121135175	0.000339063231555379
Otu693	0.0028405481764343	-0.0122444628522814	-0.00230947846048836
Otu695	0.0140055500490614	-0.0137281388720643	0.0241238385006682
Otu698	-0.00284395145755498	0.0061541948243356	0.00732966777666914
Otu699	0.0029726843230685	-0.00618286328686865	-0.00300047538837631
Otu7	-0.279937293446687	-0.106437139879624	-0.148805297929562
Otu70	0.0114724125019001	0.0366107388593238	-0.0225069155031248
Otu701	-0.00558076461361963	0.00297437355433965	-0.0105484120576017
Otu702	-0.00278966567019171	-0.00352894696648056	-0.0045915339621693
Otu704	0.00131657690778577	0.00663642619881335	0.00852571136403322
Otu705	0.00328672042066113	-0.00598519821542295	0.00697291742196416
Otu706	-0.00394518302527175	-0.0049906846608922	-0.00649340960139649
Otu709	-0.00635926878380254	0.0137611979739918	0.0163896354011219
Otu71	-0.0319796006988506	-0.0106402062159761	0.0751745886822695
Otu710	-0.00733013307891344	0.00247407099295987	0.0058960739114928
Otu711	-0.00742829798739885	0.00254663388775749	0.00248356341708323
Otu712	-0.000109090189327355	0.0126284262733663	-0.0244599148186693
Otu713	-0.00198644727628268	-0.00756725940804109	-0.000297261338325816
Otu714	0.000650243971835068	0.00162093458726055	-0.0367558307573741
Otu718	0.0161260972945509	-0.0375916514559999	0.00504540350235506
Otu719	0.0644150511640685	-0.035812155756258	0.0493423265565809
Otu72	-0.0616654325835591	-0.0228334914995296	-0.0178105204836793
Otu720	-0.00394518302527175	-0.0049906846608922	-0.00649340960139649
Otu73	-0.0789462352967198	-0.0286923200934671	-0.0377630760802669
Otu74	0.0747367482147922	-0.0604508397050867	0.0813819196161241
Otu75	0.0537107946289651	-0.0472665669189855	0.0631491826029029
Otu76	-0.0280627396496648	0.00127482246600452	-0.0511598406340365
Otu77	0.0504755267052614	-0.019414268434268	0.00878549364781801
Otu78	-0.046094219968452	-0.0967744739459998	-0.0603829315370233
Otu79	-0.0235889907901532	0.03447738714519	0.0403897090665577
Otu8	-0.205817758637697	-0.0176406598192208	-0.0398174640641089
Otu80	0.00403117189086321	0.0749693396603795	-0.0479512941549391
Otu81	-0.0381309566812258	-0.0668170495495534	-0.00159033955950757
Otu82	0.0172499084473305	-0.0586905187614643	0.0491142105060612
Otu83	-0.0256987262322835	-0.000165964881940053	-0.00246325580378758
Otu84	-0.00373846747449852	-0.0175327302953537	-0.0149312442539308
Otu85	0.0303426714643758	0.0914467558829804	-0.0939250098826683
Otu86	0.000711403246789812	0.00118219706956569	-0.0122026317360306
Otu87	-0.0153482152644768	0.0236472415401817	0.0277754025544161
Otu88	0.0326803801475118	-0.00881306119426385	-0.0277837549188927
Otu89	-0.00501228755586936	-0.0203391338256105	-0.0224181283875937
Otu9	-0.205385654064407	0.0327110947035646	0.0601971301529526
Otu90	0.0219334901994735	-0.0214239676910102	0.0311446540062614
Otu91	0.00218377412856699	-0.0165889957143794	0.0220679202248473
Otu92	0.00935074966567327	0.00217474261678425	-0.00620989062373802
Otu93	-0.0272604583919442	0.0017996460146652	0.000445863637621261
Otu94	-0.0375634361810529	-0.107019733767229	-0.0429699890090374
Otu95	-0.0434568761190584	0.0570609700439543	0.0752167062780308
Otu96	-0.0667950445618456	-0.0522645619158273	-0.0480175671346684
Otu97	0.0125533051723651	-0.0408474006754721	0.0199789412342063
Otu98	-0.00450801827123636	0.00887802492578902	0.00439023867654404
Otu99	-0.0473103157199673	0.0371493484664831	0.0511577649880069
