Comp1	Comp2	Comp3
Otu1	0.14147428585466	0.101500644502955	-0.00626260378089032
Otu10	-0.0258920344427003	-0.00190843586104879	0.00235636495921205
Otu100	-0.00997928785812159	-0.00152489107669646	-0.00186929748623117
Otu101	-0.0198210876594365	0.00643015634818007	-0.00732026057656334
Otu102	-0.0484673857094904	-0.0144932327791445	-0.00577720133594247
Otu103	0.0333959897202821	0.000929706772887736	-0.00656591115573489
Otu104	0.0279583302364498	-0.0160958178454496	0.00945135691816479
Otu105	-0.0177333557580883	0.0239149207002903	0.0219581838213785
Otu106	0.0227304109939365	-0.0206973908592796	0.0178369241653265
Otu107	0.00212535263679864	0.00588787689130165	-0.00185608108825661
Otu108	0.0286570427681752	0.00316820471180732	-0.00811305406364075
Otu109	0.0261061678097907	0.011500938672136	-0.00481591967440669
Otu11	0.0061238775253073	-0.00205453299950647	0.0302308369477171
Otu110	0.00442836408789856	0.00172886718497187	0.00147390128153482
Otu111	-0.0142409176282766	-0.000672277813353441	0.00421913056266982
Otu112	-0.00324735084684546	0.0203628840056983	0.0095594918458534
Otu113	-0.00972516161110008	0.0036132313442085	-0.00925429463419001
Otu114	-0.0201544036362396	-0.0068316554926172	-0.0159017713780266
Otu116	-0.0310622164784608	-0.00252292591765993	-0.00471194979796895
Otu117	-0.00859607204254765	8.27469517106277e-05	-0.0196678077899242
Otu118	0.00817713829981868	-0.0134344418975419	0.0122194207045117
Otu119	0.00575981858656404	-0.00542146086115299	0.000274148214274038
Otu12	0.00541931569964168	-0.0471044677312149	0.0147936344941011
Otu120	-0.00323242582495185	-0.00273553406588398	0.0136426591692305
Otu121	-0.00742676370409971	-0.00724525358039687	-0.0114731369310733
Otu122	0.00624928091340032	0.00859664471528669	-0.00619682896874606
Otu123	-0.0157811967968979	0.018500034245866	0.0168992240151401
Otu124	0.00326798679234089	0.00274053259782011	-0.00341326739788086
Otu125	0.00717112348440432	-0.00952453913892454	0.010903290923982
Otu126	-0.0018693870966416	0.011353157527266	0.0134885133308465
Otu127	-0.0217082189484739	-0.0171137870615655	-0.017166162321093
Otu128	0.025607194771129	0.00574435795300327	-0.0102962142353662
Otu129	0.0116074955993464	0.00828581521315466	-0.0152850957348269
Otu13	0.0404313660968711	0.00968807710832766	-0.0169033145977401
Otu130	0.00647958764801589	-0.00858576007333941	0.0111482623398338
Otu131	-0.00318916816666747	-0.0025141972741945	-0.00252189175667611
Otu132	-0.0185236667264906	-0.00649025946098314	-0.00991174285909397
Otu133	0.0250476232960375	-0.00516641525023009	0.0105216139783164
Otu134	0.0120785326218875	-0.00285982211340077	0.0116718052481658
Otu135	0.0166234236046132	0.0139403973059456	-0.0173624293598035
Otu136	0.00767254680153145	-0.0188736885988837	0.0220748587195066
Otu137	0.00344830917029608	-0.0055487830215534	0.011450681653719
Otu138	-0.0165880892377257	-0.00133424576152227	0.00637115429906606
Otu139	0.00598647740714458	-0.00685826513862932	0.00413437780817716
Otu14	-0.00359478987234573	-0.00515875732878388	-0.00323814708338221
Otu140	1.16372091037789e-05	-0.00538070012384042	0.000714687353370544
Otu141	0.00865614210607455	-0.00760198011079887	0.00748389516024204
Otu142	0.00388776937350042	-0.00560845725857131	0.00887274847655499
Otu143	-0.005660027918088	-0.00440035061032609	-0.00751755508758833
Otu144	-0.0148119629473774	0.00530467902758855	0.00133455572512483
Otu145	-0.00512454177691957	-0.00845190023783307	0.00107006246878446
Otu146	0.000500034780649149	-0.0039227383628251	0.00842192719146545
Otu147	-0.0156650118223915	-0.00320575007262791	0.00209278902082166
Otu148	0.00863405066393704	-0.0185795851558825	0.0121029324155378
Otu149	0.0100140132813318	0.00667284935958552	-0.0113122719026089
Otu15	-0.0208427113342235	0.0396589253633004	0.0160953880260029
Otu150	0.00686754209860199	-0.000710114374260479	0.00488425401842007
Otu152	-0.000806277017154724	0.00153690877182439	0.00359802436960886
Otu153	-0.0151582615479686	-0.00479691026003019	-0.00709074957517777
Otu154	-0.00320054432913596	-0.00418969816931296	-0.00451156438899412
Otu155	0.00355293444530838	-0.0112566927391679	0.0160182914314785
Otu156	0.00227680175735288	0.00414522767407834	-0.00878483191321259
Otu157	-0.0128430163035826	0.0170647400363224	0.0134849479507613
Otu158	0.00577769567742596	-0.014124906878204	0.00837594112750737
Otu159	0.0162708758834873	-0.0155918003142654	0.009559636098203
Otu16	0.0858581150664545	-0.0487466361236611	0.036595640534274
Otu160	0.0183484087760892	-0.00354555415931119	0.0107784375765025
Otu161	0.0164271633007128	0.00800085276941144	-0.00708513548049572
Otu162	0.00834632029535484	-0.00585049935014511	0.00639842924932005
Otu163	-0.00130197245204377	-0.00102641673907881	-0.00102955799839793
Otu164	-0.00335241586119182	-0.00162961502129358	0.00480360926669976
Otu165	0.00293245938609235	-0.000437213319253247	-0.00467596298740998
Otu166	-0.0199898423155158	-0.00974223120832574	-0.0100943517574757
Otu167	-0.000114001818169556	-0.00303688991851079	-0.00656129344226697
Otu168	-0.0147450481430318	-0.00394471492324312	-0.0089870232270952
Otu169	0.0153537146873068	-0.00956664318315212	0.00763500667447536
Otu17	0.020234985495809	0.0174851410837446	-0.00609066044329664
Otu170	-0.00231589339456517	-0.00277025886336115	0.000423523404425228
Otu171	0.00054372481408391	-0.000269632572606708	0.00422407545881903
Otu172	-0.0194770987831202	0.00162757371001545	-0.000746150600143844
Otu173	-0.01095308502955	0.00741005115584362	0.00657324818386598
Otu174	0.00504364783593516	-0.00111926889496329	0.00444999479982801
Otu175	0.0128134161625099	-0.000388185918177797	0.00155283204379773
Otu176	0.00877525288931865	-0.00679306423388642	0.00385165573188521
Otu177	-0.00125252579594014	0.000557397822260715	-0.00175591847036295
Otu178	0.00662610906695002	0.00573795197104527	0.00224618410287326
Otu179	0.020103816036272	0.00142326782328063	-0.00485567090420865
Otu18	0.0300261043331242	-0.00671371952283912	0.00199159361437285
Otu180	0.00353517925833241	-6.26064631264484e-05	-0.000526656120492774
Otu181	0.0106689559948411	-0.00794478610013418	0.0115637528152245
Otu182	0.00759047320514874	-0.00385531080959522	0.00182631842023002
Otu183	0.00121787915863151	-0.00841558650458029	-0.00179234343621601
Otu184	-0.017574409379529	-0.00918003576341978	-0.00891118688247351
Otu185	-0.00378110682550115	-0.000934166021023673	0.00359661718072274
Otu186	-0.0103390410385011	0.0118829938305584	0.0108992205859202
Otu188	-0.00269310340323791	-0.00202257156071237	-0.00580231502440915
Otu189	0.00315310623736977	-0.00874410094434087	0.00386885076853056
Otu19	-0.0528025615079782	0.068426456145917	0.0627406283569787
Otu190	0.000201898696003372	-0.00470841773095108	-0.00500284624448314
Otu191	-0.00527009025083184	-0.00221409095867052	-0.0127497918555612
Otu192	-0.00114945587105204	-0.00433766866263234	0.00474712764274868
Otu193	0.00871889635133085	-0.0067198288853106	0.00890003951368913
Otu194	-0.00481478222373808	-0.000321920087944003	-0.000508988346023425
Otu195	-0.00589215808540771	0.00110974017926618	-0.00227182948368689
Otu196	0.0158248673546839	-0.00361216731590669	0.00539196241598713
Otu197	-0.0118615335462204	-0.00935110152589939	-0.00937971976028108
Otu198	0.00329941842905591	-0.0086975573144954	0.00928500818819307
Otu199	-0.000477671810828554	-0.00381557782067086	-0.00630970896110942
Otu2	-0.123718740430528	0.010992743764867	-0.00926259248770149
Otu20	0.00108466943557726	-0.00123095487942861	0.00110558602408318
Otu200	-0.00569249272468625	0.00409706019022972	0.0013563337303358
Otu201	0.000328487969791388	0.000388775310938768	-0.00448167157268905
Otu202	-0.000219227491671566	-0.00678235102472437	0.00657985856593559
Otu203	0.000202141232026538	7.64695010711603e-05	0.00936582307268245
Otu204	-0.00586530569655538	-0.00323557452877447	-0.00196314827401969
Otu205	-0.0039059173561313	-0.00307925021723643	-0.00308867399519379
Otu206	0.00886127688143431	-0.00610701560975386	0.00490214910058386
Otu207	0.014492516489652	0.00396240501608748	-0.00191397479008168
Otu208	-0.00583909147074226	-0.0141902572835494	0.00424711929573593
Otu209	0.0199137265001648	-0.00159122740427807	-0.0084431381719602
Otu21	-0.0756064233865243	-0.0303336330449615	-0.0319944301415751
Otu210	-0.000306942424514074	-0.00818856554923929	0.0059498411171494
Otu211	-0.00752615148157815	-0.000260526119643873	-0.000565195784746458
Otu212	0.00382219810165031	0.000846881360829335	0.00479267663284414
Otu213	-0.0036825341990329	-0.00290314494610404	-0.0029120297691681
Otu214	0.00481942068941831	-0.00496482686204762	0.00865858587065596
Otu215	0.000425405906638738	-0.00337056810427543	-2.40813575700178e-05
Otu216	0.0166714483797253	-0.00468028370939431	0.00210198514700976
Otu217	0.00738956221338729	-0.00332645554141254	0.00831563482533865
Otu218	-0.0106091956563277	0.0056374378551428	0.00389998916398153
Otu219	0.0142806209735935	-0.0100738698582649	0.00486035477707798
Otu22	0.0207351444313269	0.00124522769000535	-0.0142756972954759
Otu220	0.00895679199706147	0.000978647674907681	0.0026831769925826
Otu221	0.0126603811293287	-0.00496650835495018	0.00307313824705648
Otu222	-0.00318916816666747	-0.0025141972741945	-0.00252189175667611
Otu223	-0.00841974843540426	-0.00297488113633809	-0.000372525849013377
Otu224	0.00938657742833055	0.00787158059652861	-0.00980386419825622
Otu225	-0.00421365859500712	0.0059987748859284	0.00627064273702279
Otu226	-0.00190469232428383	-0.00140102359520561	-0.00517886486531514
Otu227	0.000107612583740436	-0.00270109867008036	-0.00556185680254009
Otu228	-0.0188577739672159	-0.00388138219808979	-0.00448170710201698
Otu23	-0.0405520230426385	-0.000693630795642528	0.00898828098158497
Otu230	-0.00346688115658706	0.000740704713198481	0.000556888526068633
Otu232	-0.0224890889072924	0.00181899105391991	0.000777410104923383
Otu233	0.00755379499471673	-0.00125161640938429	-0.00248795884041227
Otu234	0.000634913370191692	-0.00534090409763218	-0.00511535879396878
Otu235	-0.0107304904289734	-0.0015117608865925	-0.00188855359873584
Otu236	0.00677888174767461	-0.0107459985087705	0.00179452158778948
Otu237	0.00928787325381911	-0.00450776391035719	0.00315828888340381
Otu238	-0.00871961753469554	0.000630193038059655	0.000230136358201892
Otu239	0.00283015958139923	0.00237337084961158	-0.00295597627647403
Otu24	0.0225118792633957	-0.060755218288627	-0.00523858275710991
Otu240	-0.0113446693115418	0.00166912288515614	0.00110573798394825
Otu241	0.00538158710380662	-0.00245880151200008	0.00593503937469844
Otu242	-0.00739572545372491	0.00515478322915309	0.00458211272501958
Otu243	0.000695444682722288	0.00263597812253006	-0.000544483372947388
Otu244	0.00284921736038675	-0.0072193608721139	0.00446062723118172
Otu245	-0.00395876591564853	-0.00231254323410118	-0.00230991077472121
Otu246	0.00326798679234089	0.00274053259782011	-0.00341326739788086
Otu247	-0.00250398808063455	-0.00153196742442765	0.00474299551610648
Otu248	-0.00869911163088279	-0.00688037503473428	-0.00684722095302441
Otu249	0.00554653828733001	-0.00571798865919937	0.0087601967878391
Otu25	-0.00151927546851028	-0.00328378835758623	-0.000953529972712682
Otu250	0.0237954040320866	0.00860601145462351	-0.00952317711898005
Otu251	0.0018374483039214	-0.000832997808728577	0.0110263634205702
Otu252	-0.00794454829720971	-0.00921325973784798	-0.00593176061609604
Otu253	-0.0103190757965639	0.00604678918899291	0.00530561399351027
Otu254	0.0027070351716768	-0.00378738434522264	0.000577393660224457
Otu255	0.00188739779679939	0.0088318828542058	0.00553876331776693
Otu256	0.00453637625884323	-0.00651423491092405	0.00415555871867461
Otu257	-0.00922541400892838	-0.00741222585943538	-0.00356746078922181
Otu258	0.00503370451152472	-0.00232116598037548	-0.00645596212593345
Otu259	0.0028749472147869	-0.00589731445692641	0.00856725836683996
Otu26	0.0511851868056779	0.0447407386070942	0.0194126650756668
Otu260	-0.00246083253472546	-0.00470524427281124	-0.00250920110901959
Otu261	-0.0171247133488389	-0.00163493939917111	-0.00227553760513302
Otu262	0.00426922455197374	-0.00665612494383488	0.00159431354356506
Otu263	0.00349718329059745	-0.0101023127699672	0.00429339821166902
Otu264	-0.00555606481941476	0.00411503071306727	0.00280069807706911
Otu265	0.00224007724642342	-0.000262030287437913	-0.000101186237439083
Otu266	-0.00510829724502389	-0.00310346494077522	-0.00103438268363977
Otu267	-0.000113908081845485	0.000692607849255187	0.00262593073622291
Otu268	0.00444381276324761	-0.00154323965945027	-8.43190114575259e-05
Otu269	-0.0103779726784199	0.00128372326294922	-0.00139492545702469
Otu27	0.00826806095383339	-0.00710298635605197	0.00604304012473064
Otu270	0.0012756024779503	-0.00190598771732987	-0.00227049094104746
Otu272	-0.00308427881499067	-0.00329595975662726	0.00150455815307601
Otu273	0.0115602935953187	-0.000770256911966795	0.00216227267383455
Otu274	-0.0133160868133703	-0.0295169859041541	-0.0242269176314444
Otu275	0.00339587809982893	-0.0102007746583645	0.00638722755545652
Otu276	0.00144454557354274	0.00197458753003464	0.00144686483847915
Otu277	0.00537902911591326	-0.00756366898015228	0.00235748472111666
Otu278	-0.00986491263411794	-0.00494067783980444	-0.00510773452916216
Otu279	0.0123242051072104	-0.00353732909951515	0.00163489110686797
Otu28	0.0763064892887446	0.00498516044976835	-0.0191730548380257
Otu280	0.00627697075261997	0.00731664396120086	-0.00637414003173617
Otu282	-0.0039059173561313	-0.00307925021723643	-0.00308867399519379
Otu283	0.00188765675342049	0.00559066953267334	0.00298963889357899
Otu284	0.0033745935296341	-0.000321413044385098	0.00306396455285239
Otu285	-0.00344469532196478	-0.00271564343311641	-0.00272395442407836
Otu286	0.000637046558965285	4.13416501758819e-05	-0.00062839039980681
Otu287	-0.0106211893112765	-0.0273953820252155	0.00870588404248377
Otu288	-0.00125713960796582	-0.00565564373374146	-0.000439864264344396
Otu289	-0.00296833414271673	0.00352680968971933	-0.00472694680327697
Otu29	0.00880149036340036	0.0819055493585182	-0.00258982661129821
Otu290	-0.00466558094004055	-0.00993631391922529	-0.00294579874317423
Otu291	-0.00165967692395806	-0.00225292720336094	0.000942438313057486
Otu292	-0.00280118128021002	0.00352248150695066	0.00105072724515116
Otu293	0.0100019102811891	0.00360116465902594	-0.00544116941294141
Otu295	-0.00163267026111599	-0.00342004410262299	0.00164224999469025
Otu296	-0.00555103300858645	-0.00331507639423251	-0.000230396591977058
Otu297	-0.0028012826989397	0.00133561766018531	0.000955854283360682
Otu298	-0.00318916816666747	-0.0025141972741945	-0.00252189175667611
Otu299	-0.00794988494205287	-0.00426171147712097	-0.00438218917388333
Otu3	-0.114741876384437	0.0929007782200424	0.0833631508589183
Otu30	0.0277924727084085	0.00482713973995127	0.00547316211910205
Otu300	-0.00127730551143151	-0.000924871302913832	-0.00400879537013682
Otu301	-0.00833612157093776	-0.000229492407079465	-0.000569934361448964
Otu302	0.00110884266306119	-0.00799329503594894	0.00564160876704054
Otu303	-0.00459793089338721	0.00620069625855318	0.00569335060618416
Otu304	-0.0022341253066293	-0.00310671378320373	0.0036415416186655
Otu305	0.00399207886213855	-0.00281647967472001	0.00706062992113347
Otu306	0.00309773188007948	0.000354097114987201	0.00041125381731395
Otu307	-0.00375429126516109	0.00277109230420581	0.000297038480984958
Otu308	-1.69537685451224e-05	-0.00217732220789642	0.00199110354511286
Otu309	0.00739559947266953	-0.00236028600813232	0.0012295248032538
Otu31	-0.0433812285678322	-0.0171239863900488	-0.018249894037984
Otu310	-0.000169676023294981	-0.00364623398874658	0.00208525569393358
Otu311	-0.00184126709951645	-0.00145157247305202	-0.00145601488458405
Otu312	-0.00187709742689631	0.00253142364724001	0.00232430065198608
Otu313	0.00359744153937634	-0.00408261546892185	0.00366681401534472
Otu314	-0.00413217986389115	0.000753617705416338	0.000541053889421954
Otu315	9.2223305166823e-08	-0.000294799356500596	0.00618808720232445
Otu316	-0.00503462834763595	-0.00297989327661326	-0.000659851087194775
Otu317	0.00794637792538531	0.00238271320109625	-0.00382268925944494
Otu318	0.00370133369328838	-0.00269003811035276	0.00461452060621909
Otu319	-0.00224052116549192	0.000239295084541192	0.000132592327595113
Otu32	-0.0241589084160685	-0.00138310492485843	-0.0136793583300352
Otu321	0.0062021316919784	-0.00308924112592892	0.00219172538895246
Otu322	-0.00943839451954793	-0.00202251818579468	-9.03851239995857e-05
Otu323	-0.00112588287722044	0.00296775815793125	0.000166016041061951
Otu324	-0.00229896544669361	0.00310034812927659	0.00284667530309208
Otu325	-0.000254412250845032	-0.00531034895281316	0.000405959954559786
Otu326	-0.00832981118339755	0.00441839189678225	0.00384346773090761
Otu327	-4.4269834409541e-05	-0.00579956743542871	0.00368008495136117
Otu328	-0.00678103438793626	0.00292352593855454	0.00248950687571892
Otu329	0.00306790845296986	-0.00348166617031454	0.00312706949925715
Otu33	-0.0131291375697718	-0.00253940711578468	0.00289405872791049
Otu330	0.00389383770047697	-0.00258560071596526	-0.00202551605179315
Otu331	-0.0071632072889269	0.00687795106597729	0.00622806846126666
Otu332	-0.00282124792055404	-0.00431020509666504	-0.00198308797111061
Otu333	0.00115456475116618	0.00396379821081627	-0.00432781447852703
Otu334	-0.00319833334961373	0.00202133632770657	-0.000391371895092407
Otu335	0.00119938736323743	-0.00314447693810478	-0.00155457764756994
Otu336	0.000803331977284085	-0.000920829335677201	0.00134225880712338
Otu337	-0.00385384546950556	0.00222327914684254	0.00316329547171842
Otu338	0.00338595299191496	-9.60985898600152e-05	0.00493531394908259
Otu339	0.00334146959124864	-0.00232444952358791	0.00379551936401184
Otu34	0.0209294502799825	0.0154108714976394	-0.019621408232151
Otu340	0.002675686288402	0.00221454657206046	-0.00329681420604275
Otu341	-0.00462108291248106	-0.00163743312248404	-0.00174987944317505
Otu342	-0.00260394490408754	-0.00205283347815762	-0.00205911599679586
Otu343	0.00643639402015565	0.00834169557388035	-0.00812306414148478
Otu344	-0.00413217986389115	0.000753617705416338	0.000541053889421954
Otu345	0.00918614318908259	0.00399594079028469	-0.00571736676119529
Otu346	-0.000539738566541189	-0.000447890936869931	-0.00039505079603009
Otu347	-0.00169117597717032	-0.000524876938576144	-0.000516773481699268
Otu348	0.00678529272571736	0.00358227580212279	-0.000849467369902398
Otu349	-0.00484446606957946	-0.00181353839361643	-0.00192652366920074
Otu35	-0.0506923272344386	-0.021777219880875	-0.0237966403388155
Otu350	-0.00239729899710881	-0.0020036797362955	0.00114794750536839
Otu351	0.00133101791939297	-0.00156249145751223	0.00142792297937293
Otu352	0.00214618920015028	0.00200716269494295	0.00357033524687569
Otu353	0.00123255372916461	0.0052804307364385	0.00311794557581426
Otu354	0.00126420598878846	-0.00662431114115485	0.00458274553133255
Otu355	0.00563610771551061	-0.0063962291789855	0.00574479349755038
Otu356	-0.00189528622018156	-0.00687072184290397	0.0028512543697206
Otu357	0.00569338138340797	-1.19661898173098e-05	-0.000941101893057159
Otu358	0.000332020944126676	0.000343849559831243	-0.00273619169733836
Otu359	0.00757452844133379	-0.00217968164517189	0.00102137571928281
Otu36	0.0151170648635923	-0.0200067747409917	0.0132168980234151
Otu360	-0.00162561405707061	0.0021922771862505	0.00201290341065268
Otu361	0.00163399339617044	0.00137026629891005	-0.00170663369894043
Otu362	-0.00101750923918379	0.0018501069767588	0.00658548156321314
Otu363	0.001744864891721	0.00149297318946116	0.00283579327518609
Otu365	0.00836678876620835	-0.00127396044947928	-6.91630076523316e-05
Otu366	0.00825179479471293	-0.00480436836335961	0.00364199952348353
Otu367	-0.00472005177277504	-0.00789319662509002	-0.00323673679999036
Otu369	0.00100198848397934	-0.000445268782859017	0.000308495045996628
Otu37	0.0381210629293456	-0.0173845391325189	0.00125182255929707
Otu370	0.000576730119793104	-0.00315849313207398	0.000885373167452199
Otu371	-0.00551138659488527	-0.00528944251065909	-0.00210336998571629
Otu372	-0.00184126709951645	-0.00145157247305202	-0.00145601488458405
Otu373	0.00826579322176204	-0.00128128714685766	0.00228397289178241
Otu374	-0.00467553711847877	-0.0025427755404056	-0.0025368257573315
Otu376	0.00216405014383627	-0.00255675936953256	0.00187423259558223
Otu377	0.00128009682133757	-0.00184041240495012	-0.0023099028830569
Otu378	0.00205768518249236	0.000440038104692257	-0.000794133376960921
Otu379	0.00434019086522429	-0.00551771784702189	-0.00109763596478777
Otu38	0.00308589446742474	0.000447271742602218	-0.000984604846038173
Otu380	0.00416492989346387	-0.00598764545633617	0.00228154386354109
Otu381	0.0105918624548574	0.000720170183914886	-0.00135893355585664
Otu382	-0.00605479734673923	0.00359144271858116	0.00527673455117758
Otu383	0.00176987100019897	0.00289917149080328	0.00070494491169134
Otu384	0.00405846140583558	-0.00460581141739947	0.00413672411372485
Otu385	-0.00232320855677242	0.00357541286575138	-0.000471445006055166
Otu386	-0.000323877962737056	0.00268725364344164	0.00507301645894439
Otu387	0.0074111254522966	-0.0012001441943504	1.37133681775447e-05
Otu388	0.00521450995903391	-0.00436034820854318	0.000404008260792631
Otu389	0.000814941691710512	0.00707209081860117	-0.000252204524220734
Otu39	0.0235562605990554	0.0150289207573171	-0.0134886148040363
Otu390	-0.0036825341990329	-0.00290314494610404	-0.0029120297691681
Otu391	-0.00225508243699484	-0.00177780594182367	-0.00178324676256413
Otu392	3.74354723204214e-05	-0.00358364886604719	0.00045891628126608
Otu393	-0.00325122811414122	0.004384554372501	0.00402580682130536
Otu394	-0.000938548713448157	0.00126571182362	0.00116215032599304
Otu396	-0.00221585422487966	0.000340840520706171	-0.00284664504414378
Otu397	-0.000928498172599235	7.6384066529457e-05	8.6327630512542e-05
Otu398	-0.00129705854127268	-0.00854393789187767	-0.000131984894323461
Otu399	-0.00311281392997832	0.00419789121166404	0.00385441658130813
Otu4	-0.105745122941866	0.00272817312801475	0.000353350233018822
Otu40	-0.013530494621969	-0.010666835650942	-0.0106994805753848
Otu400	-0.00437612360235576	8.19515610047616e-05	-0.00228254284606336
Otu401	-0.000685859288670292	-0.000482647881061328	-0.00266278714610631
Otu402	0.000842030551648318	-0.00067192293183782	0.00385470080070202
Otu403	0.000595405513036775	-0.000475121261537269	0.00272568507562162
Otu404	0.00733647968472698	0.00187125274666766	-0.0031856775720835
Otu405	-0.00426992408156065	0.0029761154849657	0.00264548401524727
Otu406	0.00163399339617044	0.00137026629891005	-0.00170663369894043
Otu407	-0.00320531102514791	-0.0193979787451337	-0.00369682717857878
Otu408	-0.00372631006781441	-0.0049656626888363	-0.00481921369744481
Otu409	-0.00114485367760486	-0.00674476620944783	-0.00232467913735927
Otu41	0.0149452279501967	0.00474978060636439	-0.00259025140026546
Otu410	5.33655037493434e-05	-0.00402949786083819	-0.00313476708013644
Otu411	-0.0121549317264115	0.0101706781670616	0.00914369163382007
Otu412	0.00236932906276567	0.00144163112547096	0.0027602436718549
Otu413	-0.00616252702174317	0.00208941677067712	0.00172364515010897
Otu414	-0.000938548713448157	0.00126571182362	0.00116215032599304
Otu417	-0.00184126709951645	-0.00145157247305202	-0.00145601488458405
Otu419	-0.00130195507947679	0.00110311984052179	0.000646651385579444
Otu42	0.0267034138940779	0.0115155741884253	-0.0251994298711393
Otu420	0.00204407205473384	-0.000353941965370066	-0.00332895112275941
Otu421	-0.000850592927899632	0.00172637653056858	0.00341512918995518
Otu423	0.00138890590731376	-0.00306237233882422	-0.00103718278531751
Otu424	0.00277115775934066	0.00269834442366517	-0.000400120561480293
Otu425	0.00127857550132114	-0.00558745110645726	0.00393735151893052
Otu426	-0.00277981581296461	-0.000185860649432018	-0.000293864558591006
Otu427	0.00300047173547147	-0.00215693387984951	-0.00226705753421446
Otu428	0.00689624935733189	-0.000985847339920263	-0.00012414679921417
Otu43	0.0533032255722942	-0.0346074006277772	0.0277042013543496
Otu430	-0.00186667694902389	6.29678533034671e-05	0.00313262388022463
Otu431	0.00665436326973683	-0.00151908195933976	0.000473994722265825
Otu432	0.00120548931502941	-0.000612180531445565	0.00351921987072005
Otu433	-0.00151927546851028	-0.00328378835758623	-0.000953529972712682
Otu434	-0.0011778448470926	0.00318323353019202	-0.000795448216533194
Otu435	0.00383205418842263	0.00321355932178132	-0.00400241079887797
Otu436	-0.0029617905884065	-0.00227689013202111	-0.0044625205197037
Otu437	0.00115496389177765	0.000946189389093971	-0.00117536617136623
Otu438	0.00231081562169232	0.00193784918398138	-0.00241354452304452
Otu439	-0.00208136226934137	-0.00144425857604036	0.00399963561184228
Otu44	0.0060232610893813	-0.0389235373272265	0.0211151541711143
Otu440	0.000697992806773099	-0.00133955575748777	0.0017977831241959
Otu441	0.00186597517061161	-0.00139698352532603	-0.00117265694770978
Otu442	0.0025013598152812	-0.00211806019902597	-0.000525019649172008
Otu443	-0.00484446606957946	-0.00181353839361643	-0.00192652366920074
Otu444	-0.00344469532196478	-0.00271564343311641	-0.00272395442407836
Otu445	-0.00410129501341016	-0.00116960278645384	-0.00345927951612447
Otu447	0.00591205629874987	-0.00276004431353161	0.00189605622914691
Otu448	-0.00423860722710815	-0.000505150774804495	-0.000658632918660715
Otu449	0.0201548844092228	0.0212937102023565	-0.0383326558334897
Otu45	0.00211904175595095	-0.033312958105087	0.0274948323662572
Otu450	-0.00248316648910344	0.00334875871677258	0.00307476074865023
Otu451	0.00197213047576837	-0.00138139910904408	0.00303868847355684
Otu452	0.00375740514367374	-0.00426415278599033	0.00382986233170026
Otu453	-0.00508757010030533	0.00208815155253363	-0.00130885671615509
Otu454	0.00843159158404741	-0.00728857177092156	0.00620972425294884
Otu455	0.000149752776803941	-0.000751645564426853	0.0029016383593952
Otu457	0.00120802720114157	-0.01987581603663	0.00727457833250349
Otu458	0.00180406258578741	-0.00220043194880128	0.000842179261031626
Otu46	-0.00383269388978299	0.00374953004531049	-0.00164938617267609
Otu460	0.00470190184914031	-0.00211139987140449	0.00142043580031672
Otu461	0.00306790845296986	-0.00348166617031454	0.00312706949925715
Otu462	0.00144229439589925	-0.00128938898406404	0.00513997290990983
Otu464	-0.00302641628289413	-0.00194056327421406	-0.00151119346187057
Otu465	-0.00344469532196478	-0.00271564343311641	-0.00272395442407836
Otu466	0.000867366419110752	-0.00348832649793602	0.00118161404976842
Otu467	-0.00487153484256574	-0.00384049977368265	-0.0038522532898178
Otu469	0.000740959990428935	0.00313637956861423	-0.000518144138399669
Otu47	-0.0109829944485934	-0.00582212344046655	-0.00599187771756029
Otu470	0.00274416663612312	-0.00437526899695367	0.000833382839246299
Otu471	-0.000242638883928943	0.000559031947590785	0.00274911477661885
Otu472	-0.0115753434211075	0.0184652457434738	0.0180199182318437
Otu473	-0.00115585172991466	-0.000991659794887413	0.00123817835167829
Otu475	0.000989587864549241	-0.00743492465769684	0.00350603391985757
Otu476	-0.000938548713448157	0.00126571182362	0.00116215032599304
Otu477	0.00506401932096386	-0.00252235481698228	0.00178953628641218
Otu478	-4.43919068506391e-07	-2.27352028967211e-05	3.14060901560297e-05
Otu479	0.000883415196457345	1.75999385546862e-06	0.000822268221047443
Otu48	0.01083771875508	-0.00907473221203357	0.00767457479883101
Otu480	-0.00559546195330908	0.00361127482142799	0.00319258641938812
Otu481	-0.000111161425970218	-0.00197665926215335	0.0044218121528453
Otu482	0.00405938798723753	-0.00138223248872736	0.00076553180588327
Otu483	-0.0169513657500624	0.0120847876811454	0.0107585735432716
Otu484	0.00332474668200068	-0.00149298516686652	0.00100439978664409
Otu485	0.00312723529315189	-0.000921413690680661	0.00447294516447514
Otu486	0.00108466943557726	-0.00123095487942861	0.00110558602408318
Otu487	-0.00466719000435774	-0.00362135061165708	-0.00581109560391503
Otu488	-0.00208390598344539	-0.000892540525461235	0.0012930998920348
Otu489	-0.00130197245204377	-0.00102641673907881	-0.00102955799839793
Otu49	0.0135490150953	-0.00377624187979242	-0.00893883460211153
Otu490	-0.00449588373852886	0.00212840118098676	0.0018310426204873
Otu492	0.000216859097398001	0.0022346364156107	-4.4621935529217e-05
Otu493	-0.00593590325903376	0.00800506444808903	0.00735008402729039
Otu495	0.0017659360009261	-0.00450808290939335	0.00209751150085922
Otu496	-0.00049465989645092	-5.96903012744446e-05	0.00182896034641122
Otu497	-0.00200853939105076	-0.00252795473969489	0.000666569078825758
Otu499	0.00308662467864823	-0.00102216407049889	0.00288048373718353
Otu5	0.0137663767919955	0.00890576843832339	-0.00322322159537819
Otu50	0.0105117209940756	-0.000994144810074946	-0.000721044810621407
Otu501	0.00258357040678623	0.00216658125276244	-0.00269842481012492
Otu502	0.00200122503184748	0.00167822662203082	-0.00209019087012135
Otu503	-0.00184126709951645	-0.00145157247305202	-0.00145601488458405
Otu504	-0.00358239075650104	1.21808851957228e-05	-0.000139718010028456
Otu505	0.00358080240191324	-0.00178357419564673	0.00126539324330144
Otu506	-0.0110412870299685	0.00184801332985162	-0.0159443720523449
Otu507	0.00108466943557726	-0.00123095487942861	0.00110558602408318
Otu508	-0.00378513894114721	0.00232234197769376	0.0020452027502523
Otu51	-0.0388722946656544	0.00528848925872966	0.00337981618874729
Otu510	0.00187700346777923	0.000665043252146356	-0.00100229773290124
Otu511	-0.00184126709951645	-0.00145157247305202	-0.00145601488458405
Otu513	0.00494260392208367	0.00249008867468648	-0.00110330024839953
Otu514	-0.00431815411080817	-0.00340423920206453	-0.00341465758059526
Otu516	-0.000901113241127735	-0.00231793704242718	0.00162106660725912
Otu517	-0.000938548713448157	0.00126571182362	0.00116215032599304
Otu518	0.00283015958139923	0.00237337084961158	-0.00295597627647403
Otu519	0.00156565257250467	-0.00201189262601932	0.0155767973179518
Otu52	0.0159699483694342	-0.00972783550788203	0.0242515705594324
Otu520	-0.00154506169472379	0.00206031169025585	0.00194401651281322
Otu521	-0.000470206246224452	0.00316120177824119	0.000806131149130423
Otu522	-0.00653519812768127	-0.00231568012929585	-0.00247470324105604
Otu523	0.00261528538006838	1.32070103463806e-05	-0.00284405024992503
Otu524	-0.00365937441289192	0.000647004504046689	-0.00171576060754568
Otu525	0.00153395422648493	-0.00174083308515727	0.00156353474962857
Otu526	0.00153395422648493	-0.00174083308515727	0.00156353474962857
Otu527	0.00195203585468801	-0.00471928137736463	0.0022872000738516
Otu528	-0.00229896544669361	0.00310034812927659	0.00284667530309208
Otu529	0.000124127604951163	0.00420965026927083	0.000234109781864735
Otu53	0.0325646580340778	-0.028872930158138	0.0230871623262492
Otu530	-0.000721128210509908	-0.00351863902698094	-0.000219712012935555
Otu531	0.00163399339617044	0.00137026629891005	-0.00170663369894043
Otu532	0.00312643517893278	-0.00252893464005991	-0.00116143778187239
Otu533	0.00366823984236349	0.00093562637333383	-0.00159283878604175
Otu534	0.0165184719486587	-0.0195532653764331	0.00931244484867852
Otu535	0.0057107567602595	0.00108148292878615	-0.00208747963302784
Otu536	-0.0203248509247709	0.00091228519613485	-0.00153170895398833
Otu537	-0.000685859288670292	-0.000482647881061328	-0.00266278714610631
Otu538	0.00136329354381298	-0.000479084604907527	0.0019848333390705
Otu539	0.00384476984817725	0.000197016098824113	-0.000850009773415943
Otu54	-0.00105371724214144	0.00739288379946285	-0.000561338434668459
Otu540	0.00139074809003739	-0.000969543786258405	-0.000172883380546004
Otu541	0.00123987838804047	0.002068126769687	0.000595176877648458
Otu542	0.00381229446760308	-0.00204628675899858	0.00150134936423392
Otu543	0.00283015958139923	0.00237337084961158	-0.00295597627647403
Otu544	-0.00265461663901241	0.00357997365403878	0.00328705750507135
Otu546	0.00229546908733257	-0.00510903220800066	0.00263725601694679
Otu547	-0.00184126709951645	-0.00145157247305202	-0.00145601488458405
Otu548	0.00108466943557726	-0.00123095487942861	0.00110558602408318
Otu55	0.0272068638844274	-0.0357453065105286	0.0209885700348519
Otu550	-0.00318916816666747	-0.0025141972741945	-0.00252189175667611
Otu551	0.00824827967952742	0.00479134081843326	-0.000811265838314481
Otu553	0.00200122503184748	0.00167822662203082	-0.00209019087012135
Otu554	-0.00224052116549192	0.000239295084541192	0.000132592327595113
Otu555	-0.00388069649406545	0.000414471244426834	0.000229656648088552
Otu557	0.000841565404851391	0.00267073506672145	0.00172325297712883
Otu558	-0.000938548713448157	0.00126571182362	0.00116215032599304
Otu559	-0.000203886180482888	-0.00198892869969684	0.00308613625896144
Otu56	0.0461651338072481	-0.00860257729436348	-0.00180112947745085
Otu560	0.00163399339617044	0.00137026629891005	-0.00170663369894043
Otu561	-0.00128790262482087	0.00108810400618412	0.00161087589189093
Otu562	0.0101238565008863	-0.00155024578570467	-7.45402246433106e-05
Otu563	-0.0667004006134149	0.00790872219891556	-0.00618522771013673
Otu564	0.00283015958139923	0.00237337084961158	-0.00295597627647403
Otu565	0.00153395422648493	-0.00174083308515727	0.00156353474962857
Otu566	-0.0013273083195062	0.00178998682701939	0.00164352875253567
Otu567	0.00351269596800732	-0.000761810094085111	0.000208297466909698
Otu568	-0.00249772132092378	-0.00121877399423288	0.000965868014054719
Otu569	-0.000938548713448157	0.00126571182362	0.00116215032599304
Otu57	0.0159004056410825	-0.031072102001399	0.0285431503782727
Otu570	-0.000938548713448157	0.00126571182362	0.00116215032599304
Otu572	0.00187870257183687	-0.00213207639299517	0.00191493116585013
Otu573	-0.0122148428601314	-0.00448432299629059	-0.00254510150087774
Otu574	0.00231081562169232	0.00193784918398138	-0.00241354452304452
Otu575	-0.0101272110909243	0.00409053987494781	-0.00461335142882387
Otu577	-0.00292758650911438	0.00116586044717169	0.000983345412254753
Otu578	-0.00277981581296461	-0.000185860649432018	-0.000293864558591006
Otu579	-0.000343143200411382	0.000790590562082734	0.00388783540161466
Otu58	-0.00805843274360163	0.000935011236384635	-0.0191439980388853
Otu581	0.00209556166923487	0.000102560022615529	0.00187030923032091
Otu585	-0.00299030611527434	0.00783833587435263	0.00646803678266708
Otu586	0.000216859097398001	0.0022346364156107	-4.4621935529217e-05
Otu588	-0.00130197245204377	-0.00102641673907881	-0.00102955799839793
Otu589	0.00529474375174574	0.00444017028550155	-0.0055301252349988
Otu590	0.00237640787872197	0.0066484238984142	-0.00446477217701524
Otu591	0.0180648222700764	-0.00780577664007618	0.00513706566712438
Otu592	-0.00130197245204377	-0.00102641673907881	-0.00102955799839793
Otu593	0.00358080240191324	-0.00178357419564673	0.00126539324330144
Otu594	0.00303411038268303	-0.00116315180100447	0.00070815890432787
Otu595	-0.000938548713448157	0.00126571182362	0.00116215032599304
Otu596	-0.0013273083195062	0.00178998682701939	0.00164352875253567
Otu597	0.0522961626438462	-0.0570689988845203	0.0509201725475551
Otu598	0.00224007724642342	-0.000262030287437913	-0.000101186237439083
Otu599	-0.00147387296070381	0.00173249467993127	-0.000592801507384514
Otu6	0.126293526678013	0.032830499200846	-0.0385590278634654
Otu60	0.0379648478563115	0.0135836564228795	-0.0147048193931316
Otu600	0.00152204208685998	-0.00215363130662635	-0.00784996310815186
Otu601	0.000614463189352808	0.00193024689881259	0.0019117171732136
Otu602	-0.00730487830015861	0.00451858333166032	0.00621044577039379
Otu603	0.0112532327721701	0.00925359032816367	0.00558887167259486
Otu604	-0.00358252056878048	-0.00485230549108568	-0.00470550957983186
Otu605	-0.0039059173561313	-0.00307925021723643	-0.00308867399519379
Otu606	0.00136626897158433	-0.00680555816325317	-6.74218846111224e-05
Otu607	0.000213036548479966	-0.0043544228747466	-0.00447127175340015
Otu608	0.0127437835701839	0.00342578808928361	0.0025507432444682
Otu609	0.00153395422648493	-0.00174083308515727	0.00156353474962857
Otu61	-0.0100008681087427	0.00861009056745973	0.00807334628023177
Otu612	-0.00587925053711883	0.00170739462222063	0.00137288034244881
Otu613	-0.0239974618461812	-0.00319479036552395	-0.00209461414478385
Otu614	-0.00356459136112504	0.00154665902054269	-0.000221592601561074
Otu615	-0.00946372712153085	-0.00297607221466853	-0.00322541240934221
Otu616	0.000595405513036775	-0.000475121261537269	0.00272568507562162
Otu618	0.00458543373563957	-0.00292369652390165	0.00228939772383035
Otu619	0.0027186628317477	0.000139311419481449	-0.000601047674857254
Otu62	0.0439972558775706	-0.00508822035320721	0.00035312696206095
Otu620	0.00229546908733257	-0.00510903220800066	0.00263725601694679
Otu623	-0.00210896171486574	-0.00174304899763227	0.000484489587512088
Otu625	0.000216859097398001	0.0022346364156107	-4.4621935529217e-05
Otu628	0.00130152853297526	0.00100368153618209	0.00106096408855396
Otu629	0.00450730153755005	-0.0169088925081389	0.00112837279755487
Otu63	0.000576790665117904	0.0337357431004839	-0.00473085956966865
Otu631	0.00303411038268303	-0.00116315180100447	0.00070815890432787
Otu632	-0.00115585172991466	-0.000991659794887413	0.00123817835167829
Otu633	-0.00354249361753569	-0.000787121654537619	-0.000896965670802816
Otu634	-0.00281564614034447	0.00379713547086001	0.00348645097797912
Otu635	-0.00610433864987018	-0.0134387198623541	0.0101183100656606
Otu637	-0.00411719839925265	-0.0032458147240118	-0.00325574825818144
Otu638	-0.000242638883928943	0.000559031947590785	0.00274911477661885
Otu639	-0.0013273083195062	0.00178998682701939	0.00164352875253567
Otu64	-0.0110152921505224	-0.024391843542802	-8.18074945549679e-06
Otu641	0.00257414725455916	0.000503901729534892	0.00137044779290274
Otu642	0.00108466943557726	-0.00123095487942861	0.00110558602408318
Otu643	0.00268936203733109	-0.000771908493166579	0.000356762488106316
Otu645	-0.00645631372554313	-0.0138822171617248	-0.00617427813531236
Otu646	-0.00184126709951645	-0.00145157247305202	-0.00145601488458405
Otu647	0.00216933887115452	-0.00246190975885721	0.00221117204816635
Otu648	-0.00260394490408754	-0.00205283347815762	-0.00205911599679586
Otu65	-0.0123498164593567	-0.00672447866276797	-0.00143342707880416
Otu650	0.0108544642776766	-0.000470317709182368	-0.00132624160071664
Otu651	0.00540834198731488	-0.00819461062640461	0.00364349712041266
Otu652	0.0287213594036915	0.00709556735713487	-0.0122308412509838
Otu653	0.000231981774441164	-0.00276724982423608	0.000533976751230645
Otu654	-0.00130197245204377	-0.00102641673907881	-0.00102955799839793
Otu655	-0.00152646315866254	-0.00666159829932777	0.00621705685787169
Otu656	-0.00358739890751341	-0.0107175607391367	-0.00319240783433012
Otu657	0.00798504264753503	-0.00167914923012305	0.0120403359949776
Otu658	0.000614463189352808	0.00193024689881259	0.0019117171732136
Otu66	-0.016475674166217	-0.0143644285626252	-0.013420161932212
Otu660	-0.000938548713448157	0.00126571182362	0.00116215032599304
Otu661	-0.00477200364147098	-0.000925656606097015	-0.00108042567154268
Otu662	-0.000938548713448157	0.00126571182362	0.00116215032599304
Otu664	-0.00184126709951645	-0.00145157247305202	-0.00145601488458405
Otu665	0.00138738958528732	-0.00179832523224539	-0.000672795510291613
Otu666	-0.00493944340200301	0.000671798730411551	0.00265784093419492
Otu668	0.004170563903002	-0.000783683136826387	0.000120981178045002
Otu669	-0.0013273083195062	0.00178998682701939	0.00164352875253567
Otu67	0.0265239033642422	0.020355736531065	-0.0347187137872515
Otu671	-0.00616570068813634	0.000445613770668534	0.000162730979482135
Otu674	0.00183596784674032	-0.00273200730699636	0.000641795686071792
Otu675	0.00153395422648493	-0.00174083308515727	0.00156353474962857
Otu676	0.0019095652012618	0.00212967072312405	0.00148624729015991
Otu677	-0.00130197245204377	-0.00102641673907881	-0.00102955799839793
Otu678	0.00108466943557726	-0.00123095487942861	0.00110558602408318
Otu679	0.00153395422648493	-0.00174083308515727	0.00156353474962857
Otu68	-0.0384918494014914	0.0157404258449714	0.0133199274302734
Otu680	-0.00130197245204377	-0.00102641673907881	-0.00102955799839793
Otu681	0.0027186628317477	0.000139311419481449	-0.000601047674857254
Otu682	-0.00924689756627853	-0.00445346245392008	-0.00461902806288808
Otu683	0.00333265240288316	-0.00132461165581717	0.00316311438961745
Otu684	-0.00225508243699484	-0.00177780594182367	-0.00178324676256413
Otu685	0.00684653270192285	0.00163575690056465	0.00268017880857722
Otu686	-0.00130197245204377	-0.00102641673907881	-0.00102955799839793
Otu687	-0.00130197245204377	-0.00102641673907881	-0.00102955799839793
Otu688	0.00112342213902331	-0.00377891552671623	0.00144260750642577
Otu689	0.00205933392066497	-0.00549849484383502	0.00309919873482342
Otu69	-0.0128543307819722	-0.00125501202884198	0.00606539451189596
Otu690	-0.0020847702829226	-0.00630811067128475	-0.00109432802030456
Otu692	-0.000217303016466508	-0.00225737161850742	7.60280256852466e-05
Otu693	0.0013257199649184	-0.00356138013747039	-0.000517853519262688
Otu695	0.00653656835456739	-0.00399291677333936	0.00540927957520509
Otu698	-0.0013273083195062	0.00178998682701939	0.00164352875253567
Otu699	0.00138738958528732	-0.00179832523224539	-0.000672795510291613
Otu7	-0.130650295575467	-0.0309579211787004	-0.03336655809358
Otu70	0.00535432084050775	0.0106484669654103	-0.00504671751672302
Otu701	-0.00260461383093771	0.000865115524105559	-0.00236526661760114
Otu702	-0.00130197245204377	-0.00102641673907881	-0.00102955799839793
Otu704	0.000614463189352808	0.00193024689881259	0.0019117171732136
Otu705	0.00153395422648493	-0.00174083308515727	0.00156353474962857
Otu706	-0.00184126709951645	-0.00145157247305202	-0.00145601488458405
Otu709	-0.00296795162951688	0.00400253222404451	0.00367504201364519
Otu71	-0.0149252864177096	-0.00309477186000902	0.0168563708102332
Otu710	-0.00342106634516681	0.000719599332311851	0.00132207451904697
Otu711	-0.00346688115658706	0.000740704713198481	0.000556888526068633
Otu712	-5.09137789557034e-05	0.00367305834809212	-0.0054846378463452
Otu713	-0.000927100210893619	-0.00220098567622036	-6.66548022968827e-05
Otu714	0.000303477132576464	0.000471459165898234	-0.00824174662668429
Otu718	0.00752625472680387	-0.0109337716521525	0.00113132900111238
Otu719	0.030063323719664	-0.0104161939751053	0.0110640120239662
Otu72	-0.0287800417537628	-0.0066412666751137	-0.00399364656140728
Otu720	-0.00184126709951645	-0.00145157247305202	-0.00145601488458405
Otu73	-0.0368452121869611	-0.00834534434965253	-0.00846760088085672
Otu74	0.0348805910223298	-0.0175825123908143	0.0182482383787426
Otu75	0.0250675110395889	-0.0137477825383191	0.0141599183577405
Otu76	-0.0130972375446801	0.00037079024731441	-0.0114715525476916
Otu77	0.0235575703478953	-0.00564676383271792	0.00196996806067656
Otu78	-0.0215127587648329	-0.0281474731462978	-0.0135396428825031
Otu79	-0.0110092820471146	0.0100279680090564	0.0090565698446437
Otu8	-0.0960577659004062	-0.00513089845181242	-0.00892825555487287
Otu80	0.00188139919684225	0.0218053107275344	-0.0107521013320404
Otu81	-0.0177962024982078	-0.0194341651390464	-0.00035660126379335
Otu82	0.0080507516863689	-0.017070511813915	0.0110128616445265
Otu83	-0.0119939224132002	-4.82719447304132e-05	-0.00055233495728984
Otu84	-0.00174479032260673	-0.0050995064612299	-0.00334802749458586
Otu85	0.0141613107226992	0.0265978723580407	-0.0210607709691466
Otu86	0.000332020944126676	0.000343849559831243	-0.00273619169733836
Otu87	-0.0071632072889269	0.00687795106597729	0.00622806846126666
Otu88	0.0152523491001179	-0.00256333507367492	-0.00622994130893004
Otu89	-0.00233929835721684	-0.00591576683222044	-0.00502680881394464
Otu9	-0.0958560971998026	0.00951423058386612	0.0134979807054051
Otu90	0.010236638863941	-0.00623129768296496	0.00698355449478874
Otu91	0.00101919516279695	-0.00482501523754182	0.00494828176437242
Otu92	0.00436411380788416	0.000632537764454305	-0.00139244152684546
Otu93	-0.0127228026769092	0.000523438524697085	9.99758420802115e-05
Otu94	-0.0175313334620754	-0.0311273723277267	-0.00963514508219472
Otu95	-0.0202818768440465	0.0165965471732775	0.016865814823486
Otu96	-0.0311740969112555	-0.0152014812692203	-0.0107669616982972
Otu97	0.00585878719846553	-0.0118807270835745	0.0044798707614222
Otu98	-0.00210394946791468	0.00258223018944282	0.000984421629362478
Otu99	-0.0220803261204622	0.0108051250058592	0.0114710871263337
