Group	D	A	A	B	D	C	A	C	C	C	B	B	B	A	D	D
Sample	642A	711A	612A	621A	742A	631A	611A	732A	632A	731A	722A	721A	622A	712A	741A	641A
Bacteria	25.990972	59.806629	43.246573	51.493527	58.257728	34.819533	46.046868	51.67777	36.006755	31.288196	40.449648	55.714484	31.328456	48.521556	45.406646	34.486536
Bacteria|Bacteroidetes	3.967832	3.892693	7.155288	20.326715	6.123091	13.521383	1.107859	4.567376	6.088973	10.901817	9.842601	20.434877	1.750964	10.949819	10.600512	7.05266
Bacteria|Bacteroidetes|Bacteroidia	3.967832	3.892693	7.155288	20.326715	6.123091	13.521383	1.107859	4.567376	6.088973	10.901817	9.842601	20.434877	1.750964	10.949819	10.600512	7.05266
Bacteria|Bacteroidetes|Bacteroidia|Bacteroidales	3.967832	3.892693	7.155288	20.326715	6.123091	13.521383	1.107859	4.567376	6.088973	10.901817	9.842601	20.434877	1.750964	10.949819	10.600512	7.05266
Bacteria|Bacteroidetes|Bacteroidia|Bacteroidales|Bacteroidaceae	1.149153	2.984204	0.308974	0.594958	3.762617	0.897786	0.100179	1.113745	0.248280	4.155275	7.229041	19.211411	0.150315	4.200012	2.459417	0.195188
Bacteria|Bacteroidetes|Bacteroidia|Bacteroidales|Bacteroidaceae|Bacteroides	1.149153	2.984204	0.308974	0.594958	3.762617	0.897786	0.100179	1.113745	0.248280	4.155275	7.229041	19.211411	0.150315	4.200012	2.459417	0.195188
Bacteria|Bacteroidetes|Bacteroidia|Bacteroidales|Odoribacteraceae	1.003292	0.147848	0.089954	0.047024	0.017674	0.319482	0.155179	0.249315	0.075298	0.281441	0.054275	0.069628	0.089376	4.950652	0.138329	0.025892
Bacteria|Bacteroidetes|Bacteroidia|Bacteroidales|Odoribacteraceae|Odoribacter	1.003292	0.147848	0.089954	0.047024	0.017674	0.319482	0.155179	0.249315	0.075298	0.281441	0.054275	0.069628	0.089376	4.950652	0.138329	0.025892
Bacteria|Bacteroidetes|Bacteroidia|Bacteroidales|Paraprevotellaceae	0.000000	0.015563	0.207286	0.799411	0.003928	0.082904	0.021607	0.171660	0.085474	0.058298	0.025050	0.145225	0.087345	0.055603	0.020343	0.199171
Bacteria|Bacteroidetes|Bacteroidia|Bacteroidales|Paraprevotellaceae|Paraprevotella	0.000000	0.015563	0.207286	0.799411	0.003928	0.082904	0.021607	0.171660	0.085474	0.058298	0.025050	0.145225	0.087345	0.055603	0.020343	0.199171
Bacteria|Bacteroidetes|Bacteroidia|Bacteroidales|Porphyromonadaceae	0.754933	0.044744	0.111465	0.860747	0.068733	0.408452	0.080536	0.047002	0.083438	0.158813	0.244238	0.254640	0.205159	0.704967	0.478050	0.183238
Bacteria|Bacteroidetes|Bacteroidia|Bacteroidales|Porphyromonadaceae|Parabacteroides	0.754933	0.044744	0.111465	0.860747	0.068733	0.408452	0.080536	0.047002	0.083438	0.158813	0.244238	0.254640	0.205159	0.704967	0.478050	0.183238
Bacteria|Bacteroidetes|Bacteroidia|Bacteroidales|Prevotellaceae	1.060454	0.250953	6.437609	18.024575	2.248537	11.812759	0.750358	2.934565	5.594448	2.754101	2.200234	0.751984	1.218769	0.693052	7.453517	6.449171
Bacteria|Bacteroidetes|Bacteroidia|Bacteroidales|Prevotellaceae|Prevotella	1.060454	0.250953	6.437609	18.024575	2.248537	11.812759	0.750358	2.934565	5.594448	2.754101	2.200234	0.751984	1.218769	0.693052	7.453517	6.449171
Bacteria|Bacteroidetes|Bacteroidia|Bacteroidales|Rikenellaceae	0.000000	0.449381	0.000000	0.000000	0.021602	0.000000	0.000000	0.051089	0.002035	3.493889	0.089763	0.001989	0.000000	0.345533	0.050856	0.000000
Bacteria|Bacteroidetes|Bacteroidia|Bacteroidales|Rikenellaceae|AF12	0.000000	0.449381	0.000000	0.000000	0.021602	0.000000	0.000000	0.051089	0.002035	3.493889	0.089763	0.001989	0.000000	0.345533	0.050856	0.000000
Bacteria|Firmicutes	14.95082	16.413119	33.341809	21.667927	11.073799	18.952583	41.833468	13.207586	24.323334	14.293181	18.04651	6.035769	22.110501	18.767997	9.935309	26.135278
Bacteria|Firmicutes|Bacilli	0.739164	1.98039	1.687624	1.238985	1.062409	4.181579	3.7184	3.937957	4.961537	1.951994	2.229459	0.059681	4.172253	1.618445	0.254282	2.674872
Bacteria|Firmicutes|Bacilli|Lactobacillales	0.549938	1.947319	1.339539	1.189916	0.830682	3.993529	3.535721	2.603507	4.802800	1.135815	1.914245	0.053713	3.605525	1.592629	0.217665	2.292463
Bacteria|Firmicutes|Bacilli|Lactobacillales|Lactobacillaceae	0.549938	1.947319	1.339539	1.189916	0.830682	3.993529	3.535721	2.603507	4.802800	1.135815	1.914245	0.053713	3.605525	1.592629	0.217665	2.292463
Bacteria|Firmicutes|Bacilli|Lactobacillales|Lactobacillaceae|Lactobacillus	0.549938	1.947319	1.339539	1.189916	0.830682	3.993529	3.535721	2.603507	4.802800	1.135815	1.914245	0.053713	3.605525	1.592629	0.217665	2.292463
Bacteria|Firmicutes|Bacilli|Turicibacterales	0.189226	0.033071	0.348085	0.049069	0.231727	0.188050	0.182679	1.334450	0.158737	0.816179	0.315214	0.005968	0.566728	0.025816	0.036617	0.382409
Bacteria|Firmicutes|Bacilli|Turicibacterales|Turicibacteraceae	0.189226	0.033071	0.348085	0.049069	0.231727	0.188050	0.182679	1.334450	0.158737	0.816179	0.315214	0.005968	0.566728	0.025816	0.036617	0.382409
Bacteria|Firmicutes|Bacilli|Turicibacterales|Turicibacteraceae|Turicibacter	0.189226	0.033071	0.348085	0.049069	0.231727	0.188050	0.182679	1.334450	0.158737	0.816179	0.315214	0.005968	0.566728	0.025816	0.036617	0.382409
Bacteria|Firmicutes|Clostridia	4.425127	2.921952	5.459844	11.183578	9.630415	6.0459	2.740183	7.213799	8.934022	7.713493	13.316216	5.460839	5.126954	6.678317	8.76968	6.522866
Bacteria|Firmicutes|Clostridia|Clostridiales	4.425127	2.921952	5.459844	11.183578	9.630415	6.0459	2.740183	7.213799	8.934022	7.713493	13.316216	5.460839	5.126954	6.678317	8.76968	6.522866
Bacteria|Firmicutes|Clostridia|Clostridiales|Lachnospiraceae	2.146532	1.453195	3.893463	8.535912	5.465221	4.345364	1.946611	3.954306	6.339289	4.573416	6.310538	1.551714	2.484257	4.2437	2.614019	3.772308
Bacteria|Firmicutes|Clostridia|Clostridiales|Lachnospiraceae|Coprococcus	0.664262	0.562213	1.648513	6.763305	3.460194	1.694470	0.620715	2.423673	3.925679	1.779109	3.824315	0.415780	0.960796	0.581846	1.291753	2.792384
Bacteria|Firmicutes|Clostridia|Clostridiales|Lachnospiraceae|Dorea	0.118266	0.106996	0.277685	0.163562	0.121755	0.109190	0.155179	0.134876	0.225894	0.500563	0.421677	0.055703	0.089376	0.031773	0.223768	0.015934
Bacteria|Firmicutes|Clostridia|Clostridiales|Lachnospiraceae|Roseburia	0.035480	0.003891	0.956255	0.000000	0.045167	0.012132	0.718930	0.320840	0.000000	1.003136	0.008350	0.005968	0.069064	0.196596	0.010171	0.007967
Bacteria|Firmicutes|Clostridia|Clostridiales|Lachnospiraceae|Ruminococcus	1.328524	0.780095	1.011010	1.609045	1.838105	2.529572	0.451787	1.074917	2.187716	1.290608	2.056196	1.074263	1.365021	3.433485	1.088327	0.956023
Bacteria|Firmicutes|Clostridia|Clostridiales|Ruminococcaceae	2.278595	1.468757	1.566381	2.647666	4.165194	1.700536	0.793572	3.259493	2.594733	3.140077	7.005678	3.909125	2.642697	2.434617	6.155661	2.750558
Bacteria|Firmicutes|Clostridia|Clostridiales|Ruminococcaceae|Clostridium	0.159659	0.270407	0.285508	0.212631	1.521936	0.552017	0.275000	0.423019	0.724490	0.522676	0.611640	1.499990	0.615478	0.196596	0.272590	0.340583
Bacteria|Firmicutes|Clostridia|Clostridiales|Ruminococcaceae|Oscillospira	2.118936	1.198350	1.280873	2.435035	2.643258	1.148519	0.518572	2.836474	1.870243	2.617401	6.394038	2.409135	2.027219	2.238021	5.883071	2.409975
Bacteria|Firmicutes|Erysipelotrichi	9.786529	11.510777	26.194341	9.245364	0.380975	8.725104	35.374885	2.055830	10.427775	4.627694	2.500835	0.515249	12.811294	10.471235	0.911347	16.937540
Bacteria|Firmicutes|Erysipelotrichi|Erysipelotrichales	9.786529	11.510777	26.194341	9.245364	0.380975	8.725104	35.374885	2.055830	10.427775	4.627694	2.500835	0.515249	12.811294	10.471235	0.911347	16.937540
Bacteria|Firmicutes|Erysipelotrichi|Erysipelotrichales|Erysipelotrichaceae	9.786529	11.510777	26.194341	9.245364	0.380975	8.725104	35.374885	2.055830	10.427775	4.627694	2.500835	0.515249	12.811294	10.471235	0.911347	16.937540
Bacteria|Firmicutes|Erysipelotrichi|Erysipelotrichales|Erysipelotrichaceae|Allobaculum	9.786529	11.510777	26.194341	9.245364	0.380975	8.725104	35.374885	2.055830	10.427775	4.627694	2.500835	0.515249	12.811294	10.471235	0.911347	16.937540
Bacteria|Proteobacteria	7.026985	7.186211	2.718188	2.271472	2.427242	1.846123	3.078041	8.047574	3.72217	5.057897	3.701152	2.228102	7.395896	13.185852	1.588755	1.226896
Bacteria|Proteobacteria|Betaproteobacteria	0.601187	0.433818	0.449772	0.750342	0.066769	0.289152	0.530358	0.470021	0.132281	0.034175	0.444639	0.314322	1.135486	1.229223	0.111884	0.155354
Bacteria|Proteobacteria|Betaproteobacteria|Burkholderiales	0.601187	0.433818	0.449772	0.750342	0.066769	0.289152	0.530358	0.470021	0.132281	0.034175	0.444639	0.314322	1.135486	1.229223	0.111884	0.155354
Bacteria|Proteobacteria|Betaproteobacteria|Burkholderiales|Alcaligenaceae	0.601187	0.433818	0.449772	0.750342	0.066769	0.289152	0.530358	0.470021	0.132281	0.034175	0.444639	0.314322	1.135486	1.229223	0.111884	0.155354
Bacteria|Proteobacteria|Betaproteobacteria|Burkholderiales|Alcaligenaceae|Sutterella	0.601187	0.433818	0.449772	0.750342	0.066769	0.289152	0.530358	0.470021	0.132281	0.034175	0.444639	0.314322	1.135486	1.229223	0.111884	0.155354
Bacteria|Proteobacteria|Deltaproteobacteria	6.005953	6.184344	0.799812	1.085645	2.332980	0.887676	2.545719	7.299628	3.243925	4.474912	2.786824	0.238725	1.667682	4.694481	1.314130	1.037683
Bacteria|Proteobacteria|Deltaproteobacteria|Desulfovibrionales	6.005953	6.184344	0.799812	1.085645	2.332980	0.887676	2.545719	7.299628	3.243925	4.474912	2.786824	0.238725	1.667682	4.694481	1.314130	1.037683
Bacteria|Proteobacteria|Deltaproteobacteria|Desulfovibrionales|Desulfovibrionaceae	6.005953	6.184344	0.799812	1.085645	2.332980	0.887676	2.545719	7.299628	3.243925	4.474912	2.786824	0.238725	1.667682	4.694481	1.314130	1.037683
Bacteria|Proteobacteria|Deltaproteobacteria|Desulfovibrionales|Desulfovibrionaceae|Desulfovibrio	6.005953	6.184344	0.799812	1.085645	2.332980	0.887676	2.545719	7.299628	3.243925	4.474912	2.786824	0.238725	1.667682	4.694481	1.314130	1.037683
Bacteria|Proteobacteria|Epsilonproteobacteria	0.419845	0.568049	1.468604	0.435485	0.027493	0.669295	0.001964	0.277925	0.345964	0.54881	0.469689	1.675055	4.592728	7.262148	0.162741	0.033859
Bacteria|Proteobacteria|Epsilonproteobacteria|Campylobacterales	0.419845	0.568049	1.468604	0.435485	0.027493	0.669295	0.001964	0.277925	0.345964	0.54881	0.469689	1.675055	4.592728	7.262148	0.162741	0.033859
Bacteria|Proteobacteria|Epsilonproteobacteria|Campylobacterales|Helicobacteraceae	0.419845	0.568049	1.468604	0.435485	0.027493	0.669295	0.001964	0.277925	0.345964	0.54881	0.469689	1.675055	4.592728	7.262148	0.162741	0.033859
Bacteria|Proteobacteria|Epsilonproteobacteria|Campylobacterales|Helicobacteraceae|Flexispira	0.419845	0.000000	1.468604	0.435485	0.000000	0.669295	0.001964	0.000000	0.345964	0.000000	0.000000	0.000000	4.592728	0.000000	0.000000	0.031867
Bacteria|Proteobacteria|Epsilonproteobacteria|Campylobacterales|Helicobacteraceae|Helicobacter	0.000000	0.568049	0.000000	0.000000	0.027493	0.000000	0.000000	0.277925	0.000000	0.548810	0.469689	1.675055	0.000000	7.262148	0.162741	0.001992
Bacteria|Verrucomicrobia	0.045335	32.314606	0.031288	7.227413	38.633596	0.499444	0.027500	25.855234	1.872278	1.035301	8.859385	27.015736	0.071095	5.617888	23.282070	0.071702
Bacteria|Verrucomicrobia|Verrucomicrobiae	0.045335	32.314606	0.031288	7.227413	38.633596	0.499444	0.027500	25.855234	1.872278	1.035301	8.859385	27.015736	0.071095	5.617888	23.282070	0.071702
Bacteria|Verrucomicrobia|Verrucomicrobiae|Verrucomicrobiales	0.045335	32.314606	0.031288	7.227413	38.633596	0.499444	0.027500	25.855234	1.872278	1.035301	8.859385	27.015736	0.071095	5.617888	23.282070	0.071702
Bacteria|Verrucomicrobia|Verrucomicrobiae|Verrucomicrobiales|Verrucomicrobiaceae	0.045335	32.314606	0.031288	7.227413	38.633596	0.499444	0.027500	25.855234	1.872278	1.035301	8.859385	27.015736	0.071095	5.617888	23.282070	0.071702
Bacteria|Verrucomicrobia|Verrucomicrobiae|Verrucomicrobiales|Verrucomicrobiaceae|Akkermansia	0.045335	32.314606	0.031288	7.227413	38.633596	0.499444	0.027500	25.855234	1.872278	1.035301	8.859385	27.015736	0.071095	5.617888	23.282070	0.071702
