CS1	CS2	CS3
Otu1	0.531211103283496	0.195278898507331	0.227149016372698
Otu10	0.134554572234081	-0.109768977373656	0.0116584959589721
Otu100	-0.0297806847092404	0.0280920770030488	0.0667144802568563
Otu101	-0.00444269409663448	-0.00088269331034852	0.00977641138074753
Otu102	-0.0360268104345525	0.020820713651641	-0.182947001924438
Otu103	0.0191140833446008	-0.00628268956266191	-0.0403038833558974
Otu104	-0.0356156739482074	0.00776036116681201	-0.0287750588369773
Otu105	-0.0185771860658543	-0.063881678260492	0.0387863326154444
Otu107	-0.0461303703728219	-0.0505543769380006	-0.0708137218681059
Otu108	-0.0590707317846261	0.0459009030894172	0.0784836139420612
Otu109	-0.0196954187422325	-0.048733881625662	-0.0172857830191923
Otu11	-0.254103032710435	-0.0245251402377237	-0.149871138091297
Otu110	0.00317212796369407	0.00428990124702866	-0.00336277221401219
Otu111	-0.0475223645364005	-0.00487260844561395	0.0538044884514604
Otu112	-0.0196044227937242	0.0610837305883072	0.0210659902831143
Otu113	-0.00174469181250895	-0.000167570785058595	0.0165506303205209
Otu115	-0.00228017825791818	0.00490780447052637	0.00982826088254687
Otu116	0.0204133394755787	0.0177537876618646	-0.0881691530305155
Otu117	-0.00228017825791818	0.00490780447052637	0.00982826088254687
Otu118	-0.012055029111176	-0.00955269596009542	0.0194141617661626
Otu119	0.0194797424354344	-0.0103955281065598	-0.0182833852155174
Otu12	0.00155979845520599	0.00776024306887551	0.00358685770330719
Otu120	0.0236339164918259	-0.0530279039177415	0.0221773794736883
Otu121	-0.00281284336065715	-0.0447011358200572	0.0115613089012356
Otu122	-0.0156396429081326	-0.00498235373549398	-0.0348341946898527
Otu123	-0.0430822038182359	0.0167928040384063	-0.0716042887515741
Otu124	-0.0379068121409337	-0.00231732198445408	-0.0586103703492526
Otu125	0.0219793414741064	0.0900547689857641	0.0929933334818743
Otu126	0.0359599826250079	0.0173796400328768	-6.83303434605743e-05
Otu127	-0.0197061244927146	-0.00504183769916722	-0.00700328248611174
Otu128	0.0184503186101795	0.00858160917046367	-0.0789681808480454
Otu129	0.000333218260550918	-0.00688391199178434	-0.112053520721464
Otu13	0.0292194129258531	-0.0140613071150807	0.0496653353184637
Otu130	-0.0145332240450724	-0.0408676390319924	-0.0123990426556713
Otu131	-0.00511927481918549	-0.00163085808085337	-0.0114021667099342
Otu132	-0.00929838633648583	-0.0234636280562507	-0.0375969030667702
Otu133	-0.0180337916525717	-0.0281245317197011	-0.0218731016900336
Otu134	-0.0222096880715167	0.0249542352526083	-0.0387441225961915
Otu136	0.00256337839167286	-0.0123118578237254	0.00459230839123645
Otu137	0.00429507776984104	-0.110251803614362	-0.000436687980683274
Otu138	-0.0319334177461274	0.0482915992093474	0.0249642300368873
Otu14	-0.256742257153216	0.244818975075043	0.268988073051333
Otu140	-0.0245399086506318	0.0578928637886367	0.107051814290892
Otu141	-0.0435264284613427	0.0174279391698913	0.0809376058811342
Otu142	-0.0190425292005033	0.0340101946346048	0.0178107743231248
Otu143	-0.000758195435888689	-0.0213137558376603	0.00348112166089501
Otu146	0.0190971330579885	-0.0376029676437861	0.0144568086386569
Otu147	0.0170147002539038	-0.015449862837762	-0.0243122631518673
Otu148	-0.0184633053612805	-0.0199990772948724	0.0389490542120289
Otu149	0.00785374019238455	-0.0272026218969302	0.0406300437608368
Otu15	0.000951048883184784	-0.0088415160018786	0.0115419383085558
Otu150	0.00567199732007821	0.0319312107473425	-0.00458991369822373
Otu151	-0.0108638222089007	-0.00532097793864502	0.00449969809835373
Otu152	-0.00295561469491241	-0.000941576351990768	-0.00658304401932549
Otu153	-0.0301373732446172	0.04095931856274	0.0293521809320992
Otu154	0.00227678423138984	-0.0459633915680483	-0.00216799329375528
Otu155	-0.0120963588033875	-0.0709215793042186	-0.0182215892375134
Otu157	-0.00592262376618634	-0.0160025068085475	0.0194428790660259
Otu159	0.00656495355464912	-0.0806226784174322	-0.0109612818761077
Otu16	0.127685518231601	0.0177604994332627	-0.0195266784031896
Otu160	-0.00756656533791506	0.0106320971604904	0.0537124380185883
Otu161	-0.0269958160378461	0.0142861378885555	0.000424320314343128
Otu162	-0.0106936281635933	0.00634193475435867	-0.0112006746023513
Otu163	0.00393136048814263	-0.0126763498345278	-0.00757100339657029
Otu164	-0.000879674116982472	-0.0368880419416978	0.00863858197544486
Otu165	-0.0243505044107874	-0.0251119528911606	0.0133130426670554
Otu166	-0.014333655487013	0.0225664116846895	0.0359617753185496
Otu168	-0.0314595721660837	0.00915431891733939	0.0155854257665164
Otu169	-0.000629306934523949	-0.00200273671634073	0.0170353951313245
Otu17	-0.0489907217535819	0.0169507200151569	0.00447290114269235
Otu170	-0.00574825132215631	0.00506923200307911	0.00545406809127237
Otu171	-0.00672429385975521	-0.0165620490977159	-0.00177653244597089
Otu173	-0.0142918761682106	-0.00237399314015002	-0.0066577583928069
Otu174	-0.0843337076685836	-0.110676247059927	-0.251660464540853
Otu175	0.00147996720446719	-0.00710825442875229	0.00265137048588214
Otu176	-0.0267235592285356	-0.0245480075362346	-0.0109075229329011
Otu178	0.0138382778252714	-0.029295699179408	-0.00416718292053384
Otu179	-0.0285190571160645	-0.00772469359192518	0.0199438679561843
Otu18	0.0712526117211127	0.241003530022711	-0.162839055413377
Otu181	0.0160327288445487	-0.033641440555358	0.00461088708965999
Otu182	-0.0223486752652909	0.003455727364449	-0.00503047684092711
Otu183	-0.0209394508154281	-0.018008918393568	-0.0122632507126423
Otu184	0.0429731882566362	-0.0181016139642159	-0.0102464438100065
Otu186	0.0100632361196321	-0.0229596037687702	-0.0109272493053091
Otu188	0.00156590745336144	-0.0136765266139998	0.00177623576949852
Otu189	-0.00168775908143783	-0.0124177844782229	-0.0154771285871742
Otu19	-0.111377745511931	-0.127463951894943	0.352215726075481
Otu190	-0.0251180685132427	0.0248508663689829	0.0309759403388187
Otu191	-0.0397490649938012	0.00871090085065771	0.00163552888975284
Otu193	-0.0236238141086738	-0.0235271308211134	-0.0335753513120016
Otu194	-0.0113807354340408	0.00434160345124316	0.0231801697504945
Otu195	0.0177868654426311	0.00853091752603271	-0.0126279396680016
Otu196	-0.0224327305903287	-0.015153299925597	-0.0188750270523192
Otu197	-0.0139879128366769	0.019249894908288	-0.00228964927545175
Otu198	0.0324759846259015	-0.00244748089748236	-0.0102999334135544
Otu2	-0.118565023952745	-0.0769141853514402	-0.0829001402068379
Otu20	-0.00360527838310816	0.00775992021881001	0.0155398449135924
Otu200	0.00147996720446719	-0.00710825442875229	0.00265137048588214
Otu201	-0.0143771375577386	0.0206167787857535	0.0346434887341246
Otu202	-0.0393066960181355	0.0126749172324576	-0.0208821455813473
Otu203	7.39643786843523e-05	0.0315649312034955	0.0156612107206124
Otu205	-0.00834393383616163	0.00530982556284033	0.00249709312470457
Otu207	-0.0281947672176094	-0.00898206593291154	-0.0627982375468796
Otu208	-0.0187720358709746	-0.000235702715268159	0.00918137760018283
Otu21	-0.0138876101754734	-0.244120386295388	0.0156946354488081
Otu210	0.0137748171540797	0.000853965524121692	0.00474512758797053
Otu212	0.0252357066257221	0.00907929920470225	-0.00587708680789788
Otu213	0.0414996879885359	-0.0887979342699016	0.0141837836693853
Otu214	-0.0150225143762135	0.0090889313512374	0.0226591755943132
Otu215	-0.0339011729805864	0.0156589179856724	-0.0325214275451965
Otu216	-0.0182988073729127	0.0187294436276913	0.0242207357101173
Otu218	0.01308764669754	-0.0285703050277784	-0.00909248754016881
Otu219	-0.028387615315714	0.0287778840931422	0.046487733178961
Otu22	0.0655039836512111	-0.0968312112740045	-0.0543041218009639
Otu222	-0.00365512415514113	0.0181203835666762	0.000163414449928425
Otu223	0.00465209516816126	-0.00281835318172363	-0.000711401728130051
Otu224	-0.00773167617544492	0.0250608561732985	0.0285838623387431
Otu225	0.0164686926200816	0.035977357713179	-0.0201423717416382
Otu227	-0.0157160809781937	-0.011257704831033	-0.0127244840280243
Otu228	-0.00228017825791818	0.00490780447052637	0.00982826088254687
Otu229	-0.010502324230533	0.0302336531800812	0.0272430508931842
Otu23	-0.0675111759962821	-0.0420433468816199	0.0114317357687792
Otu231	-0.00600135493437258	0.0328462534065887	0.0317994146759125
Otu233	-0.0139068308376233	0.00683808307780949	-0.00116089127312431
Otu234	-0.0777963833479591	0.0144481031866812	0.0105500947528055
Otu236	0.0044860663878391	0.00606683652478919	-0.00475567807222744
Otu237	0.0125622789497908	-0.0353633860619075	0.00713818152729018
Otu239	-0.0164561661685901	-0.0052424752574977	-0.0366528378897418
Otu24	-0.0278402153401707	0.0156749523444395	0.0245844726070888
Otu240	-0.0117733275502541	0.0323111199529805	0.0264700079597805
Otu241	-0.00739945307710367	0.003276946389673	-0.00157390582738731
Otu242	0.00698010397979231	-0.0203570856619974	-0.00011463477605531
Otu243	0.006579056080264	-0.00398575329315092	-0.00100607397221718
Otu244	0.00768892550299377	-0.00313931499449822	-0.0204404739440161
Otu245	0.00194633557376563	-0.00276646062907149	-0.0198948819649964
Otu247	-0.00900615036048927	0.0149531449339486	0.0275256174930481
Otu248	-0.0147404654588605	0.00258728286662198	-0.0128149301250984
Otu25	0.0181025345868175	-0.252552419997126	0.0980104548769253
Otu250	-0.00673160432767356	0.00183948374099348	-0.0044525367926148
Otu251	0.00347442737909301	0.0134584407927392	0.0171086426564803
Otu252	0.0170588832623898	0.00793625517527753	-0.0118394924146544
Otu253	-0.0132339363318421	-0.0210995679216339	-0.0122192585531769
Otu255	-0.0105403034337061	0.00205236060983142	0.0266313407722274
Otu257	0.00961282317118481	-0.0185568791226617	0.00442893871024545
Otu258	-0.0189358386380039	0.0188475486752195	0.0236512928652927
Otu259	-0.00161232950848807	0.00347034182184685	0.00694962991731938
Otu26	-0.115711831180946	0.0199107132169498	-0.00855697102217297
Otu261	-0.00174469181250895	-0.000167570785058595	0.0165506303205209
Otu264	0.00893890478470606	0.0177968285202768	0.00781590141698882
Otu265	-0.0276705691510497	-0.00398917505470091	0.00249000799574929
Otu266	0.0196224330890846	-0.0325008948932457	0.00654882516580809
Otu268	-0.0107015130441302	0.0289215853308231	-0.00165764163744136
Otu269	-0.0155688534478483	0.00401811064354454	-0.010394834503586
Otu27	-0.175911495914391	0.108238806571226	0.0433681079477789
Otu270	-0.00283152611095445	-0.0142871651233696	-0.00940271438959745
Otu271	-0.0252496593802232	0.00322457447711735	-0.0264247863701847
Otu272	-0.00161232950848807	0.00347034182184685	0.00694962991731938
Otu273	-0.00652944539705985	-0.00381307411662716	0.0166653953924407
Otu274	-0.000425826148828782	0.0103935423051669	-0.00113494390148641
Otu276	-0.00696572609317761	0.000741816949246159	0.0117285328172144
Otu277	-0.000893139671801185	-0.0109063404727983	0.0331502012147389
Otu278	-0.00285439495868114	-0.0840078052018525	0.0154264975760802
Otu279	-0.00143344542753939	-0.000600919389315211	0.019190592033398
Otu28	0.128509895638047	-0.00356326489479755	-0.0756539881616402
Otu281	-0.0138454996620991	-0.00902961757349638	-0.00423975696456187
Otu282	-0.00995626334464971	0.00878016738468717	0.00944672304202395
Otu283	-0.0162537209650073	-0.0127577125406969	-0.0368468936300708
Otu284	-0.00591122938982483	-0.00188315270398154	-0.013166088038651
Otu285	-0.0187470299950278	0.00754426117990872	-0.00568852896528577
Otu286	-0.00146780195700194	-0.0358374455466033	-0.0169859681985048
Otu287	0.00976352523095757	-0.00612455548060354	-0.00286352082594574
Otu288	-0.0143342916508645	0.0142805309250831	0.0373478335111019
Otu29	0.000310346788443519	-0.011046753255442	0.022554711852733
Otu291	-0.0133167714355674	0.0117881383630036	0.0184815725533925
Otu292	-0.0234594643621989	-0.00747353060324097	-0.052251292034779
Otu293	-0.00660895537312146	-0.00210542872905763	-0.0147201339260852
Otu295	-0.00646004864461253	0.00357621442353124	0.000518430748717674
Otu297	-0.00456794420340049	0.00252876546985608	0.000366585897993887
Otu3	-0.125781466784781	0.0904881027467085	0.0524061840418961
Otu30	-0.0655418700526402	-0.0557478573863714	-0.0134226566838682
Otu301	-0.00739945307710367	0.003276946389673	-0.00157390582738731
Otu302	-0.0036722795124573	0.0116100120714633	0.00683396224040249
Otu304	-0.000594859485714278	0.00577692596285614	0.00685249330792158
Otu306	-0.00699404349743466	0.0188681653326579	0.0211338735938471
Otu308	-0.0161303289923184	-0.0251927549977607	-0.0376335098933641
Otu31	-0.221082994410864	0.0264820884605959	-0.0793524671742647
Otu310	-0.0127204268840339	0.0204659587974775	-0.0100044066478174
Otu312	-0.000615024610029097	-0.00110145909021622	0.00766616083167506
Otu314	-0.0114149944763733	0.000347486350821864	-0.0148838570731764
Otu316	0.0203618265224261	0.00402163143902726	-0.0250689691182152
Otu317	-0.00789876918605636	0.0170011333931307	0.0340460943972258
Otu318	-0.00295561469491241	-0.000941576351990768	-0.00658304401932549
Otu319	-0.0103067399097466	0.0109580142000479	0.0341330171868425
Otu322	-0.00314280326040569	-0.00608636169940451	0.00699482096323165
Otu324	-0.00434384324705471	0.0131639338360906	0.00971070553175606
Otu327	0.000181402702117834	0.0102695232891092	3.51749290217395e-05
Otu329	0.00912525155660534	-0.00956169925684508	-0.00604593824482602
Otu33	-0.0472898351185986	-0.0150652216318523	-0.105328704309208
Otu330	-0.0118224587796497	-0.00376630540796307	-0.026332176077302
Otu331	-0.00161232950848807	0.00347034182184685	0.00694962991731938
Otu332	-0.00447361478792109	-0.0103443774819816	0.00556123436386935
Otu333	-0.00880714527704763	-0.00153878104988497	0.0225546324698904
Otu334	0.0711647768123642	0.185511041026905	-0.044158157689939
Otu336	-0.00235213326563595	-0.00176544619516486	-0.0040537757242143
Otu337	-0.0971410897991922	0.109725632180348	0.18327480945432
Otu338	-0.00161232950848807	0.00347034182184685	0.00694962991731938
Otu34	-0.00248937563550809	0.0913913687941524	-0.140815640936607
Otu343	-0.00697250701393825	0.00467921830807475	0.00272728197676866
Otu344	0.0184151162939977	-0.00794145985694227	-0.00430541279616449
Otu345	0.0050965903914562	-0.00642391170486163	0.011714216997802
Otu346	-0.00989354629916017	-0.00288136150490226	0.0174984079777618
Otu348	-0.00752721291363472	-0.0140639680512422	-8.80433475741895e-05
Otu349	0.016770554509666	-3.06177835720334e-05	-0.0155579879103832
Otu35	-0.100533922818882	0.0555759978587241	0.100981259118761
Otu350	-0.00886252437071526	-0.0179828142654676	-0.0210294351055377
Otu351	0.00317212796369407	0.00428990124702866	-0.00336277221401219
Otu352	-0.00621340384750278	-0.0104953340023561	-0.0120358750997909
Otu353	0.000835502664796767	-0.0111533924254224	-0.00252584322634791
Otu354	-0.0083597407733887	-0.00266318009399025	-0.0186196602676584
Otu356	-0.010354114827723	-0.0263874146629408	-0.0197880285154252
Otu358	-0.01988410632209	0.0135854037012712	0.00841597350929493
Otu36	-0.132025175523159	0.0295780805950707	0.0408248096451953
Otu360	0.000690966154575529	-0.0118659898305584	0.0209141267737794
Otu361	-0.0115314930860501	-0.0182560993960531	-0.0167231627949797
Otu362	0.00728321954690906	-0.01005300911492	0.00246951548566104
Otu363	0.00317212796369407	0.00428990124702866	-0.00336277221401219
Otu364	-0.00526135047267514	-0.0128515957647154	-0.00246776303700158
Otu365	0.00317212796369407	0.00428990124702866	-0.00336277221401219
Otu367	0.0062505148058154	-0.0183313823748738	0.0148526386700066
Otu368	-0.00130871175419797	0.00202363822633929	0.0166856754704596
Otu369	-0.00655575660972121	0.0109769260722545	0.0202715026426428
Otu37	0.0283585397975434	0.143953111979038	0.17123929450715
Otu371	-0.000849541880958619	-0.0152052404961308	0.000411970298307767
Otu372	0.00692857861163822	0.00729881201993303	2.82417086648533e-05
Otu373	-0.0104764801867273	0.00229613855953446	0.0109805514273739
Otu376	-0.0106757875203307	0.00444916894892612	0.0164010833793139
Otu377	-0.00013236230402088	-0.00363791260690544	0.00960100040320152
Otu379	0.00265344023723446	-0.00767060494638375	0.00771325695818556
Otu38	-0.0136775228242766	-0.0172207144725718	-0.00843015660832379
Otu380	-0.00280538159403329	0.0030580837814522	0.0187207163790945
Otu383	0.00147996720446719	-0.00710825442875229	0.00265137048588214
Otu384	-0.00456624316074512	-0.014386944545777	0.00315667765338225
Otu386	-0.0106726252984658	0.00284025213063203	-0.00695590454533584
Otu388	-0.0151501569859583	0.00838696624631939	0.00121582787708122
Otu389	-0.00738893896993888	0.00332609075335129	-0.0345193159500696
Otu39	-0.0103381718611605	-0.0260326450462107	-0.024961108638981
Otu391	0.00317212796369407	0.00428990124702866	-0.00336277221401219
Otu392	-0.00666599304669439	0.0174208085562796	0.0098452893333216
Otu393	-0.00511927481918549	-0.00163085808085337	-0.0114021667099342
Otu395	-0.0130172266239229	0.013166222212541	-0.0895334548372769
Otu396	-0.00791191144642939	0.00437995027421651	0.000634945400663673
Otu397	-0.00161232950848807	0.00347034182184685	0.00694962991731938
Otu398	-0.00523579295283059	0.0039662281185356	0.00324521686322138
Otu399	-0.0050986335855221	0.0109741844163743	0.0219766594339769
Otu4	-0.317655241567172	0.0707340515230893	-0.0532922095037674
Otu40	0.0797844399406085	-0.155988004648119	0.0368684832800795
Otu401	0.00169648047324885	-0.00375992953371439	-0.00729444574745554
Otu404	-0.00405470402797983	-0.0307423624040578	0.00613297799911398
Otu41	-0.0566292360924851	0.0237067447183232	0.0425520715690287
Otu411	0.000969586019377371	-0.0240678872205535	0.0102871058615692
Otu413	-0.0118224587796497	-0.00376630540796307	-0.026332176077302
Otu414	-0.0181046845803963	0.00550076403547465	-0.0105107757566916
Otu415	-0.00590419423283885	0.00194749164108366	0.00532321972500659
Otu416	-0.0262000200015393	0.039999069363131	0.0649659779314074
Otu419	0.00761202957709565	-0.0170348620392282	0.00459133924363423
Otu42	-0.0145719191497012	0.0021425247915969	0.00490428407840735
Otu420	-0.00556809893883665	0.0127739201410863	0.00698391941725235
Otu421	-0.000820396996839667	-0.000708806903477919	-0.00257997979960448
Otu422	0.0116879717796849	0.0291251960072774	-0.0547427451850361
Otu424	-0.0125997154089838	0.00902416253563093	-0.0126719010927012
Otu425	0.00922035864108631	-0.0788335294256555	0.0237803746787505
Otu426	0.00672028134188352	-0.00563088241519514	0.00250734901770277
Otu428	0.00543704702389581	0.0104084354966729	-0.0154801030133598
Otu429	-0.00139581623970642	0.00681866671688474	-0.0029961863160183
Otu43	0.00972599262602533	-0.117221553078312	0.0495954128875439
Otu432	-0.00511927481918549	-0.00163085808085337	-0.0114021667099342
Otu433	-0.00886684408473724	-0.0028247290559723	-0.0197491320579765
Otu434	-0.00690499928794059	0.00755899034457457	0.0104400031792874
Otu435	-0.000470874224689564	-0.00162490042688788	-0.000126934056907386
Otu436	-0.00862003250751727	-0.00469162682597291	-0.00493746597649731
Otu437	-0.0027926366272439	0.00601080835506988	0.0120371121105979
Otu438	-0.0066627630082178	-0.0150873783761975	-0.00574138571036991
Otu439	0.000951048883184784	-0.0088415160018786	0.0115419383085558
Otu44	-0.0478408032425558	-0.0152407446988853	-0.106555876247248
Otu443	0.00399398234665723	-0.00530620708949009	-0.0255227878468546
Otu444	-0.0115919912797483	-0.00804321115870472	0.00607181708345023
Otu445	0.00330930727365898	-0.015894540104054	0.00592864463996911
Otu446	-0.00343682740942739	0.00218447251797103	-0.0180829061400974
Otu448	-0.0115794087952226	-0.00728462213734842	-0.0158950194509964
Otu449	0.00697425400569532	0.000322072490554438	-0.00317312184306786
Otu45	0.0321876641014084	-0.00926424555151468	0.0125623936218844
Otu452	-0.00440912862226539	-0.0076326395156507	0.0073195903680051
Otu453	-0.00781982145406629	-0.00249117686774699	-0.0174170973449263
Otu454	-0.00360095866908618	-0.00739816499068533	0.0142595418660312
Otu457	0.0134360063146608	-0.0559411438955997	0.0173293795305962
Otu459	-0.00417987038669435	-0.00133159004699513	-0.0093098301338292
Otu46	-0.018371893192459	-0.0655424693786554	-0.0288800370977764
Otu461	0.00930419033632252	-0.00563670636344725	-0.0014228034562601
Otu463	-0.00200456581172763	-0.00978309235386937	0.00495889428923033
Otu468	0.00317212796369407	0.00428990124702866	-0.00336277221401219
Otu47	-0.00833893976353847	0.00997037713408787	-0.012526380167928
Otu470	0.00147996720446719	-0.00710825442875229	0.00265137048588214
Otu471	-0.00938509773013594	0.00755080334414021	0.00698482575522726
Otu472	-0.00940159200036536	0.00390537962601225	-0.00268302181548738
Otu476	-0.00262007193148836	0.00642865302188038	-0.00572297243052201
Otu477	-0.00161232950848807	0.00347034182184685	0.00694962991731938
Otu478	-0.00511927481918549	-0.00163085808085337	-0.0114021667099342
Otu48	-0.0735942124039993	-0.0234450620922511	-0.163916474179485
Otu480	-0.00362401597492067	-0.0029603128294427	-0.00450504115754029
Otu481	0.0478440415372989	-0.0131105042155436	0.0147323339948687
Otu482	-0.0176570060212349	-0.0334562433151206	-0.0264054173977905
Otu483	0.000106208837189602	-0.0172068166116299	-0.00788690427229345
Otu484	0.001622691509253	-0.0439694993730028	0.000876198065673612
Otu485	-0.00851946838888528	-0.00653295833061721	-0.0016303811343182
Otu486	-0.00708509299623044	0.0037266826824814	-0.0692058638245109
Otu487	-0.019905465819083	0.0041993076894996	-0.0164472022246912
Otu488	-0.013158504051262	-0.048921962769848	0.0147365172037765
Otu489	0.00330930727365898	-0.015894540104054	0.00592864463996911
Otu49	0.11003188971828	-0.0917754089295396	-0.0890255629013167
Otu490	0.00679729245069195	-0.0131216950652932	0.00313173259547416
Otu491	-0.0346573150518637	-0.005406647681449	-0.062285373246134
Otu492	0.00842088928289322	-0.00989533494372572	-0.0185674961255068
Otu494	-0.00322465901697615	0.00694068364369369	0.0138992598346388
Otu496	-0.00013236230402088	-0.00363791260690544	0.00960100040320152
Otu498	0.00304751677869932	-0.00482477574766587	-0.0176472127982275
Otu499	-0.00656089307802057	0.00681834386681925	0.00895680089426688
Otu5	0.00390281059913434	-0.0096878062392423	0.0220446446409356
Otu50	0.00114550810811391	-0.111789731049894	0.0681798439683118
Otu501	0.00472776393236664	-0.00506364537666325	-0.0114430661706171
Otu503	0.00634425592738814	0.00857980249405732	-0.00672554442802438
Otu504	0.0123894260723999	0.0211263550357225	-0.00839963105821232
Otu505	-0.00778514876980251	0.00642833017181489	0.00623001477976317
Otu506	-0.00225658390678727	-0.00807209982115722	-0.0471201905668739
Otu507	0.00996942041438602	-0.0088317938182645	-0.000231039618538029
Otu508	-0.0100323845060511	0.00370442673882129	-0.00408798669103007
Otu509	-0.00100647342163196	0.00363780040411165	0.000622974390423357
Otu51	0.0870416324719015	-0.0335181333155465	0.0307835655611414
Otu515	-0.00228017825791818	0.00490780447052637	0.00982826088254687
Otu516	-0.00295561469491241	-0.000941576351990768	-0.00658304401932549
Otu52	-0.000980961627336973	-0.0224862978943694	-0.0503016683237666
Otu521	-0.00360527838310816	0.00775992021881001	0.0155398449135924
Otu522	-0.0412073360207441	-0.00734784903565562	0.00494905388612169
Otu525	-0.00591948587263647	-0.00383130803907929	0.00107746465849483
Otu527	-0.00139581623970642	0.00681866671688474	-0.0029961863160183
Otu528	0.0314853428679643	-0.0514225144398824	0.0139148954551691
Otu529	-0.00147564749044522	-0.00804983078074305	-0.00393167353344335
Otu53	-0.000109365826465067	-0.0185056981491039	0.00564229801141001
Otu533	0.0020929896924249	-0.0100525898179401	0.00374960410001027
Otu534	-0.00343682740942739	0.00218447251797103	-0.0180829061400974
Otu535	-0.00161232950848807	0.00347034182184685	0.00694962991731938
Otu536	0.00147996720446719	-0.00710825442875229	0.00265137048588214
Otu537	-0.00676289930821203	-0.00247086683090176	-0.0155952588013064
Otu54	-0.002044171863824	-0.17870083537522	-0.108567580797761
Otu540	0.00898367223342129	0.0335195757321688	-0.00887389954583626
Otu542	0.0272605036871505	0.00112894501099665	-0.0110034814111334
Otu543	0.0141442802044746	0.00640536301267807	-0.0174008938436941
Otu545	0.0118083443086357	-0.0360369188338223	0.00283177913538849
Otu546	0.034182100259295	0.00442427952362424	-0.0479461254469162
Otu547	0.00169318127444768	-0.0436290441971047	0.0326412556575268
Otu549	-0.00417987038669435	-0.00133159004699513	-0.0093098301338292
Otu55	0.111507077000127	-0.0753813934285965	-0.00247740768580309
Otu553	0.0182090895056738	-0.0255753284335027	-0.0136881844671997
Otu554	-0.00194714685549142	0.00265904316617529	-0.0147649389239464
Otu555	-0.00295561469491241	-0.000941576351990768	-0.00658304401932549
Otu557	-0.00295561469491241	-0.000941576351990768	-0.00658304401932549
Otu558	-0.0027926366272439	0.00601080835506988	0.0120371121105979
Otu559	0.00317212796369407	0.00428990124702866	-0.00336277221401219
Otu56	-0.0457036591980978	0.0204251847330509	0.0853556250897662
Otu560	0.0103883959385465	0.0105900802171664	-0.00155205328610963
Otu561	0.0183055839153832	-0.02004024374187	-0.0257272611576948
Otu562	-0.00228017825791818	0.00490780447052637	0.00982826088254687
Otu564	-0.00197389276319381	-0.0425045884447608	-0.00568267222615457
Otu567	-0.00295561469491241	-0.000941576351990768	-0.00658304401932549
Otu568	-0.00295561469491241	-0.000941576351990768	-0.00658304401932549
Otu57	-0.00161232950848807	0.00347034182184685	0.00694962991731938
Otu572	0.00277989166045451	-0.00896353292868756	-0.00535350784210123
Otu573	0.00549428680122813	0.00743032691930673	-0.00582449232894999
Otu574	-0.00394938459302818	0.00850056669656534	0.0170230471986129
Otu575	-0.00147564749044522	-0.00804983078074305	-0.00393167353344335
Otu576	0.0459087683986059	-0.00331012693774012	-0.00432237928667117
Otu577	-0.00523579295283059	0.0039662281185356	0.00324521686322138
Otu58	-0.00295561469491241	-0.000941576351990768	-0.00658304401932549
Otu580	0.0101786330956906	0.00210168427864078	-0.00582941710736352
Otu581	-0.00161232950848807	0.00347034182184685	0.00694962991731938
Otu583	-0.00417987038669435	-0.00133159004699513	-0.0093098301338292
Otu585	-0.0352374444994017	0.0274005013541829	0.0237121879523826
Otu586	-0.00124238571520881	0.00671196353631658	0.00527841472714545
Otu588	-0.00511927481918549	-0.00163085808085337	-0.0114021667099342
Otu589	-0.00161232950848807	0.00347034182184685	0.00694962991731938
Otu59	0.00684189170167444	-0.003315840116351	0.00642787856013366
Otu594	-0.0269269313635424	-0.00857816881450488	-0.059974385286648
Otu6	-0.113811112313095	-0.404615532423787	0.331177665722993
Otu60	-0.0461219814154755	0.0484225287369349	0.0746010510506054
Otu601	-0.0027926366272439	0.00601080835506988	0.0120371121105979
Otu604	-0.00417987038669435	-0.00133159004699513	-0.0093098301338292
Otu608	-0.00228017825791818	0.00490780447052637	0.00982826088254687
Otu61	-0.050589083006825	0.0109044310156597	-0.0411861201966518
Otu613	0.0020929896924249	-0.0100525898179401	0.00374960410001027
Otu62	-0.0674268483851822	-0.0159476662699634	-0.0174790120177797
Otu64	-0.0750253082244951	-0.085075177031501	-0.0463162385555029
Otu65	-0.0135857299222323	0.0292416199549992	0.0585586225514803
Otu66	0.00703540817697007	-0.158606460937053	0.0527781592317411
Otu67	-0.000822974247758949	-0.0375843147704217	0.0101180604912058
Otu68	0.0596667295361373	-0.0856613837696917	0.000297491598255189
Otu70	-0.00161232950848807	0.00347034182184685	0.00694962991731938
Otu71	-0.00881603890649932	0.0667411499234392	0.0767207229824716
Otu72	0.0414687640633402	-0.0165077973494032	-0.0324030487048431
Otu73	0.104167639017402	0.100073696453777	-0.0836683858505445
Otu74	-0.00109615615399505	0.00225087882135548	0.00474266636314232
Otu75	0.0640654818894532	-0.028306841262499	-0.0417932004730564
Otu76	-0.0327074812912988	-0.0647752812512138	-0.0366674508053315
Otu77	-0.00758869220774647	-0.000238545813040316	0.00827225097456088
Otu79	-0.0372333206007866	0.025531413396713	0.0548226069396938
Otu8	-0.0027926366272439	0.00601080835506988	0.0120371121105979
Otu80	-0.0794034320118043	0.0524685676040602	0.0288923307926552
Otu81	0.0511794952265379	-0.10400058218081	-0.0133881749633129
Otu82	-0.00426582291095045	0.00918166142499358	0.0183869924651614
Otu83	-0.0641429419625563	0.0597420005003873	0.0692633219122267
Otu84	0.0416421207933122	-0.132367752249488	0.0432670364972379
Otu85	-0.0554979213909058	0.0485847089665845	0.0662254428957993
Otu86	-0.019542631605068	0.00162443989295382	-0.00334804867866252
Otu87	-0.0376241894358229	-0.00635181105611746	-0.0688934959838616
Otu88	-0.0752025758445056	0.00692540321719013	0.00313249257754195
Otu89	-0.0138697828696654	0.0298530091393479	0.0597829770343518
Otu9	0.0371889343759345	0.136026632223508	0.0115751485901428
Otu90	-0.0381198205900197	0.00475870594059114	-0.0401836067320647
Otu92	-0.00161232950848807	0.00347034182184685	0.00694962991731938
Otu93	0.0232803045592249	-0.0379862208370589	0.0153623021931452
Otu94	-0.0443654296303719	-0.0298329327466824	0.033206954396403
Otu95	-0.0512160183242445	-0.0191621436032244	0.0114602463599108
Otu96	-0.0379890504705422	-0.0103673289880587	0.0663018157246608
Otu97	-0.00511927481918549	-0.00163085808085337	-0.0114021667099342
Otu99	-0.0027926366272439	0.00601080835506988	0.0120371121105979
